783200 29379 30050 28694 11972 6148 5121 3806 
207333 358240 24500 9876 25998 17358 10405 3817 
207333 358240 24500 9876 25998 17358 10405 3817 
2719839 142068 52819 24971 3431 10973 12704 1937 
649067 20398 8910 5517 3413 2705 2747 1642 
156961 3817 1493 2337 1916 1910 804 705 
1159656 68498 17297 19853 14438 10227 5685 2872 
486353 6003 3447 2452 516 1522 2519 1233 
1504156 31911 23087 45661 7742 20195 14671 2512 
1377384 74712 23964 9948 5322 4474 4508 1899 
3674439 187591 111375 49380 11265 19580 15042 7988 
1350050 122335 11338 20150 16796 20186 11785 7068 
1859047 87200 49741 23637 8164 8209 3970 1468 
610854 81046 3487 173 4578 3807 2381 815 
869479 289915 85214 14072 27526 18762 25987 7807 
841019 33953 13509 8893 4063 4461 4819 2474 
1188318 53741 23580 14790 20586 29772 27270 23971 
86794 210873 208320 38714 46256 95333 88714 10444 
1285483 12026 4413 6133 5054 3999 1377 832 
823120 257227 20152 7601 34207 29915 28184 6897 
701267 183269 21793 26342 17491 16730 22833 14157 
329331 140380 79787 51864 38540 50066 22661 3285 
1599004 91681 48906 13930 47408 22465 13457 7402 
135107 88815 18868 4402 8605 12450 9222 1306 
1478956 84778 18530 26410 28541 14202 7465 4143 
1476479 99803 49367 4805 15301 11697 4198 2129 
259695 128357 49719 43515 15388 19454 15176 6512 
1479042 55913 58205 15159 38567 18123 31122 8996 
1106589 99783 11136 44779 46427 25524 44128 9824 
768766 52005 16163 6447 9514 2291 1165 583 
794676 22650 5602 5716 6741 2749 3236 1049 
525473 64903 69870 5589 11846 6463 11200 1505 
91043 60311 7021 7254 2304 3103 1745 1813 
163346 5380 1463 340 320 228 665 156 
501177 55766 15108 8670 9420 5835 2776 735 
1795850 95704 31376 16699 9442 6534 9179 5226 
372418 66187 7306 39976 10470 34365 27009 6501 
400554 124798 11662 38746 18631 16317 4445 3205 
978154 109549 21290 9852 31597 5830 2275 17038 
155488 111003 45968 4487 19629 2952 6130 6949 
740688 9484 2071 614 1626 976 758 278 
299912 95388 35322 20281 13543 18331 15878 8510 
285425 57210 1137 8592 13053 8040 6982 1126 
843163 148087 10450 12216 59278 20771 14752 6550 
353307 80156 12019 15419 2692 9677 3291 4646 
198254 149578 16946 13759 23804 32232 50283 16325 
313779 51222 7040 7962 3351 2618 3591 804 
232030 18907 14961 5263 1970 4222 3853 446 
2041429 462603 58475 25425 13543 19439 10746 6626 
298538 97773 3280 5547 4619 3673 1961 1387 
705237 138476 9696 22021 15484 9466 10238 4000 
1876134 368924 50013 6794 40071 21437 24418 15134 
803682 16384 5148 232 625 1167 954 597 
861291 504942 59380 219572 140411 42431 73211 19533 
97464 145298 13719 7216 21157 11739 10523 4971 
1738184 603684 18387 74560 55246 29691 53328 24032 
293703 345039 36958 138888 42594 91147 29799 15715 
313305 40039 8462 972 2322 2108 1889 351 
503251 196434 17331 9593 23087 35105 30533 11577 
166338 320114 6726 6251 8154 6565 7248 2558 
705769 303645 53171 45111 11538 16170 21197 8713 
2016820 232338 4228 25589 22918 15053 23216 44616 
1027442 29229 27798 6867 5689 9974 5997 1505 
118932 74412 12391 5476 5865 9158 4662 1825 
176175 27950 20873 5988 5382 6080 6534 2372 
112720 118402 40886 15470 7682 14067 20874 5736 
188048 256621 39494 43033 13684 56303 42277 16009 
371556 125784 14763 58248 26084 19923 38083 4814 
663268 139441 44434 52114 24338 30591 33697 17665 
110047 13186 4031 798 1651 1901 953 2017 
1093335 209158 14783 6635 49132 22726 23563 41474 
1949775 244978 58342 22077 53899 18501 21534 8693 
2254111 321187 31451 23387 32164 45935 12881 7961 
1377600 223593 63612 29116 67889 27151 15496 19371 
582504 330444 100150 13752 51087 24265 14648 4711 
203285 13223 3754 3592 6695 11075 12972 2451 
129287 34860 6578 8877 19851 28036 10239 14762 
234943 85316 79171 18963 61334 19687 20494 14780 
347775 53755 34702 11882 31526 10263 6658 6294 
2359134 110023 29782 7369 50926 16859 15108 6426 
1678445 703724 115622 64218 67976 22010 23399 5045 
1223983 186272 14400 7565 5971 12453 4359 1117 
180304 68930 13865 20533 13104 9875 11483 5025 
432533 40721 10316 3305 6281 1724 631 374 
1273534 303262 103038 88624 29908 15474 35666 5016 
90586 32857 3148 1881 932 836 244 257 
2047575 162994 17544 8243 50389 23900 26289 1592 
54844 40983 29081 27654 18691 21079 29295 3906 
12711 54272 27552 28999 15891 13735 5976 5853 
92614 67586 30453 26907 25087 25981 11205 2094 
31277 48041 21499 51233 29651 18039 15294 10341 
1118863 283360 39956 27029 24836 11427 7639 4679 
416530 27778 25066 24692 22827 11583 8650 5392 
463949 126232 56872 14638 37227 28228 8198 2780 
58145 45790 41604 74230 17578 14881 27303 9746 
318508 9263 16949 3487 5229 3016 4265 3361 
426596 38111 8627 5754 6232 3530 3011 2636 
202563 46100 12485 7277 1623 4804 4776 790 
60143 41059 9677 14002 6765 5986 3042 1491 
55184 50213 60599 28805 41436 20181 15320 8582 
202161 67104 25940 36731 36013 22416 10824 4636 
2208181 128638 42683 179546 24238 79048 20229 23218 
468473 240552 49413 17679 10864 8343 2735 1462 
2069598 325633 44902 34853 41525 63021 37247 5204 
535339 189691 36545 35949 34496 27842 13955 11842 
385966 38573 3852 3328 2068 3413 5030 3715 
667191 342049 19275 45375 63727 32214 17767 7325 
669752 31830 16267 8914 9955 9054 3563 3882 
100300 144796 14995 92104 22296 21822 15054 8762 
1911371 77652 38372 12190 4094 14706 2414 1390 
285270 212515 6182 5413 26467 20269 13063 6531 
209597 72365 31389 17082 3660 5948 1773 1943 
581097 111948 53570 39092 17946 29961 29957 4908 
89457 6159 4633 6194 2623 3649 2737 1515 
39638 86308 40883 42411 42162 37739 12600 8813 
232409 46127 8434 1465 4938 3155 7091 5823 
566402 173433 12317 15433 26948 12720 11162 8842 
915425 231839 47337 71938 26434 38848 14139 12568 
228528 12728 14789 2759 1195 1930 821 1163 
1661767 411294 42453 54330 27124 41332 12307 17995 
610456 45135 20552 9301 6784 10916 9433 1935 
745959 199263 25729 13084 9046 7657 12322 2223 
146673 23422 2012 6184 4967 4128 6168 1365 
449278 13869 1564 2338 1914 2060 985 640 
1632737 589627 42120 11510 25006 76417 32041 57802 
83049 71539 31201 8409 3307 3455 9056 19161 
127915 35493 14253 2910 7766 9514 4998 2464 
404396 18029 5949 19964 25015 16023 32526 6089 
18665 25224 15077 4961 15406 21220 14884 36407 
102800 41954 12731 2485 2339 5330 5914 5393 
267749 284938 47931 55422 23884 28104 20490 6964 
1849674 168556 84143 26410 12497 13286 5852 3500 
1007691 446347 83249 80689 47552 51471 33777 22131 
966204 73371 28409 8478 7860 5067 4403 2090 
331422 23199 722 1800 5612 2697 2864 879 
340635 49962 11412 4450 3441 4698 3540 3354 
473518 27394 4824 1150 2755 1698 1832 798 
506887 176293 60568 25335 9763 32954 36839 7971 
140120 21282 11349 3690 4643 3614 1679 1365 
543794 28365 12005 4663 8298 4967 3250 1423 
2330970 45893 10698 6564 9810 6212 2547 1268 
619764 177020 19575 16433 16335 16556 12007 5729 
370818 81035 53030 17886 35907 25296 21740 5070 
41999 38744 5347 10592 5599 4551 1988 2037 
24355 32484 3746 1341 3166 1202 652 358 
281676 158685 11057 5230 4038 2749 4385 767 
1719960 150525 86916 25946 43513 39212 30026 4665 
213901 4816 1314 4704 12618 6836 6073 783 
1714928 210833 94999 22978 26318 15093 16548 4511 
819625 322612 22172 16227 18390 23967 42031 10180 
335265 66213 36909 10684 6251 13913 10354 8881 
138210 91002 23072 9048 5335 3479 1680 1651 
86017 40211 12962 24375 18024 19573 10175 6691 
183099 22196 27061 10477 15978 31106 23567 7398 
160402 41046 1033 1699 6519 5822 6771 2392 
32649 11675 13212 9253 5880 7072 6805 3726 
1210950 48350 31086 49119 12895 8713 2969 2381 
974051 187456 45443 14196 6997 20193 13768 6368 
35547 6731 2845 1697 1101 889 907 757 
979890 450527 20062 48985 24397 31465 17399 8826 
129263 12721 2401 6205 4650 4198 4585 1122 
824834 70209 22117 48072 24977 17413 22193 7462 
88062 6618 7515 5535 7238 5264 3801 1761 
1342221 166271 53989 9275 27441 81984 10216 16019 
1205211 116086 19635 15868 16712 9828 8142 2557 
1201514 40524 7401 11155 53443 13336 50134 6388 
1943766 135022 65726 52829 34154 10162 31997 11915 
354747 38691 3209 11034 1299 4252 4539 1207 
871174 174365 28330 2760 9524 13231 15841 5403 
2165204 339798 9803 80316 43565 66559 40637 12236 
1623159 332358 58020 25518 17482 22068 11291 6407 
864900 67798 23161 8713 4397 16118 22143 7802 
604345 161120 8875 5459 3649 11797 10588 2992 
735723 159330 55654 5607 28457 43138 48397 16308 
602923 26401 10296 17248 3321 5682 4820 3537 
332008 133108 20404 27391 72621 33101 7530 17339 
890944 660107 94145 124531 53828 28111 40105 13742 
135186 81203 8055 4597 1487 1916 1775 1246 
556000 485389 262007 21250 86533 26316 29374 52892 
1200820 120291 32620 56979 22794 18823 3934 8081 
1067370 148138 32239 17197 10189 3785 12114 12373 
233258 69411 27441 34494 23521 6190 3451 4779 
528732 45519 34901 2048 22309 4754 3956 2181 
1656834 157078 58243 48329 31702 23621 14492 13361 
133957 24616 3328 1667 1967 2727 2321 268 
209023 39501 6422 2902 2772 6859 8308 3551 
440430 1114534 4871 16776 31622 26460 33848 8054 
344241 581204 64260 16912 29020 21444 31707 14512 
682104 296691 56364 52903 26146 30483 25639 12966 
439802 306268 48514 81116 31780 21914 31598 7062 
896958 178983 40013 19445 12370 44989 17230 21043 
533565 193758 33083 3618 16355 21775 3372 7923 
1359918 240142 57461 69795 21149 16158 34168 15331 
1079054 65746 2045 5797 6618 4066 18546 3744 
1426579 287152 44113 55583 60788 12911 27246 11725 
2180570 434803 52497 67623 104663 32707 56787 33901 
1743449 181314 94772 23453 29930 46714 66190 11026 
1578693 356203 175275 34090 87275 49244 16895 11683 
1388644 62649 8651 11688 7183 5284 9004 2035 
557950 113317 57051 10108 49763 68260 16570 20542 
759417 312257 4111 23937 9392 20586 20104 10200 
1169351 216762 73659 29151 25451 31253 36575 7163 
168360 154963 15632 58021 12195 36758 15594 31504 
162169 44439 30764 3737 6022 4938 3390 1611 
104655 33861 17194 2062 5246 4019 2913 800 
533237 74415 23713 8225 1845 3977 8898 2848 
1120144 760899 25631 15481 25132 12697 30273 14354 
748470 35368 12492 8554 6402 9709 7335 4195 
165529 22696 28352 6152 5253 18760 9892 3186 
1578450 157969 8769 2892 11300 6358 10348 14215 
2659125 714962 55553 36675 13979 27228 45233 23316 
930485 658022 15263 25851 28614 18938 27483 15303 
1175040 908893 153481 70769 47372 18248 49207 18038 
2555048 167349 12604 16463 8431 18335 7746 5630 
2121221 303913 171030 27838 40291 37262 39296 8163 
845742 480456 144378 34872 46070 34883 71012 9560 
442833 11513 11811 3850 1696 1893 972 308 
578764 45140 3472 7342 5264 3557 1483 878 
213445 180453 55063 33678 83919 15457 29537 4890 
1011845 141854 51590 45624 20760 20422 29052 9964 
210643 195587 22139 9803 3714 23337 19956 7208 
520570 292810 139229 53886 20087 48783 66542 19139 
34897 36088 10968 7468 15670 23799 8949 7302 
22933 14442 59319 10376 28580 16157 10751 2990 
21891 29137 12181 10694 12606 23751 6285 3173 
267511 130217 6805 4321 25264 10028 5762 2215 
75999 60969 17970 11965 22840 16409 9364 10419 
138675 87447 1388 4700 6515 3029 6999 1692 
329573 173580 37192 11074 15522 17810 7447 13678 
463502 109643 39070 17790 8621 7323 3653 1068 
780414 552279 42079 26928 55365 35385 29381 13521 
1127500 52592 40223 10353 19222 15399 15217 9163 
119783 34103 3390 3523 4587 10454 3035 2153 
119179 21949 6584 3869 1349 2683 1849 1070 
170143 90355 27465 1431 4914 6044 15495 6025 
816716 52880 89504 31072 15424 18444 49639 17116 
504030 204632 38948 3806 25800 39165 42505 29749 
531469 146292 27639 10357 18742 17750 12657 9413 
827018 64008 27668 43117 26742 21654 48141 39109 
258817 36624 69196 4580 8998 14098 5484 6815 
768814 215597 28647 7017 26753 9657 9830 4851 
162993 21962 7816 4315 2776 2273 5368 1965 
871994 174461 43378 6549 7555 10216 8547 3992 
2094067 1399962 41927 78291 63828 31943 45778 11734 
1262400 204682 26223 21864 15043 7193 4938 2987 
216170 220979 66571 52975 14992 19885 36910 31489 
1093424 87081 4767 28981 20975 16433 12085 12816 
793210 162731 21683 25978 39408 21895 15484 8969 
1597299 28776 79140 16157 30239 17397 16692 8074 
810014 173302 42037 14853 31497 29762 17112 13826 
133370 204768 3802 4475 9940 6484 7701 1147 
901092 52426 2919 8305 1619 6582 4534 5705 
395971 51369 4706 15223 9925 5576 11054 2692 
134800 189350 35879 18199 22632 13973 43494 11685 
230462 109988 33944 8239 4715 7358 3659 2620 
58913 39737 2684 4402 4029 1121 1412 565 
48319 25143 11130 22769 11764 28660 23648 18902 
365828 75485 82453 16124 23975 19346 26596 11143 
34398 32958 8293 38385 14853 17491 10577 10693 
1977414 301285 80490 21848 7565 17430 20327 3654 
234008 53201 4489 18054 3025 49630 16174 9285 
91399 41713 978 5035 2239 2129 1083 578 
218923 176153 4883 12182 4924 41672 18083 10087 
346221 98608 10090 13429 10040 7524 10307 2813 
1616212 33315 24705 7436 9570 5406 13078 3872 
82969 10797 5953 4708 4216 6616 7625 5228 
220024 40879 82173 28775 25479 38706 43875 5147 
1085647 189031 28866 9087 15706 14378 8235 3217 
1576111 292568 12582 3156 42500 46410 19398 2228 
72808 42441 3272 18875 6246 16078 11401 9221 
34842 28799 27299 6006 19376 23603 15611 11841 
34654 28412 9422 3278 7171 21706 12528 5239 
79547 28653 17529 11394 10548 24853 16853 4985 
994262 81394 37593 24580 21802 29812 28189 7595 
733400 142534 35904 3081 27137 26237 19354 7182 
1368669 11052 7033 17504 10460 31050 37985 20475 
102965 79160 16882 6401 5051 10252 6615 1037 
2278640 28564 10015 13121 11083 9769 3335 3805 
976539 450685 32527 16294 28379 24147 50794 8555 
120581 96623 16380 2150 7013 4021 4926 2804 
16624 11805 3481 1352 2203 1160 1391 468 
263959 97157 9340 19051 20890 23635 32970 5929 
45261 61486 19060 13320 8816 11341 25150 7478 
267467 59576 2729 7913 17816 14126 21302 8075 
97180 85794 16133 12578 34483 17912 22193 6696 
154651 40603 28222 15854 10716 11492 7369 3510 
138836 78488 42846 4229 13056 23851 18992 11141 
1321189 598428 126762 57047 89829 53465 24409 9775 
738227 484823 153157 28818 25288 40682 32531 9547 
95982 18124 4351 9569 3115 8275 4936 2326 
168547 59235 1883 15621 6669 5238 5095 2402 
169569 28670 3793 672 4120 6679 2777 1613 
11298 24213 429 49417 20541 23462 13392 3356 
108109 12914 137465 33133 22256 24733 17790 5312 
427128 128527 41968 53968 3941 17238 7142 1201 
1513341 19357 40607 5732 6465 7978 4658 799 
1720806 105312 9413 16949 9275 14031 6664 2780 
1292634 186276 48559 60812 21291 32805 31716 16653 
2328976 203881 192002 84840 14111 46476 21331 9786 
361248 55358 28666 9788 4512 9207 5198 3931 
1879909 470530 99559 28959 24175 55474 21504 6054 
260095 102560 21923 9276 1938 5982 7532 3246 
1152531 273016 27433 42950 33771 22018 19137 8347 
568336 75009 21706 12691 11952 2891 12326 1790 
322042 49914 9078 7593 3770 4925 1160 326 
718987 146473 47593 48762 10413 25446 23432 15309 
798471 1105234 48304 9962 66936 22782 37555 59373 
961061 267849 27110 28945 24724 25659 30559 16571 
132306 138538 39015 7880 13217 46925 19453 8524 
537701 46634 33726 14632 15210 56559 23092 38683 
1130490 233200 62587 42358 12142 13597 26521 15559 
3570 11555 3347 11138 20670 42811 27742 10020 
179996 132364 3965 13220 6246 5539 5504 3671 
111552 35970 5157 7730 2220 1510 657 412 
696161 79669 5725 2739 8830 16955 5023 1205 
102769 8211 332 514 1641 1445 578 918 
1940212 322692 144961 18243 5634 13109 15850 14060 
75211 23538 4442 10967 21236 46904 19646 5966 
55404 22659 12610 13416 15896 24345 27326 5678 
141641 10272 281 4147 5003 6324 1970 789 
131264 10189 2799 2215 4191 6780 6057 3062 
122025 51427 8177 14433 12035 7562 6595 930 
417883 226122 24387 38689 27643 22589 17693 7753 
1321406 400788 80289 34059 52459 23735 15229 14893 
1005660 128159 24989 23632 14743 13695 19326 3455 
325310 310988 24475 22688 3730 22100 38091 8183 
441805 80257 4026 4177 1831 8513 6774 1288 
384261 14378 11923 3448 5117 10595 1664 2072 
9432 4938 251 6416 18023 26151 14616 4087 
162353 82181 11505 2157 8862 17037 10609 2587 
1728246 83682 5199 8732 15054 37975 21466 8039 
251291 77273 12006 7052 2701 6897 5546 965 
466735 57436 95963 14231 7417 6062 7563 3961 
165638 34906 23695 3114 6437 4680 4131 1955 
985040 183323 39534 3347 16245 18162 15412 7237 
62748 42043 6952 3186 2390 2501 2006 1067 
1494599 139460 22092 11298 5763 5037 4054 1805 
1007940 175360 43933 33740 44195 13380 19602 14161 
120360 25971 3169 1456 3771 1822 1511 989 
1243110 210763 10539 17355 5641 12526 7519 1371 
605868 288630 31432 7256 24652 4346 4852 2039 
175776 113328 4829 5009 5877 6982 2728 856 
516915 147911 12224 25715 24745 13026 13217 8989 
322371 390051 23532 8005 5099 17537 21416 10415 
958777 208033 63380 21279 20812 28938 13673 9085 
1218658 304368 96243 65715 29081 48139 22823 17571 
754113 147534 7518 25181 32158 43521 30972 5165 
37551 30408 12247 5320 30417 34858 25969 10038 
126366 36865 5369 10963 4337 4267 5185 3514 
195176 34231 7858 4305 9651 3057 2940 493 
601984 264263 43888 10031 15772 6327 7773 1982 
1840613 179794 21768 17142 9614 11581 2829 4789 
1444134 293362 112819 71956 31326 13770 9310 11034 
1689577 180644 24944 46075 24249 34329 46729 7582 
1546678 534501 100057 12579 45634 32805 44728 15074 
1262979 277345 30317 7710 7983 29040 52827 10040 
188439 5337 3989 1190 503 1010 396 116 
1577295 198425 56774 170448 16397 20338 39394 27975 
259426 47022 20970 6086 5727 12891 5956 4430 
1766188 29178 7791 6290 11611 4780 16651 3032 