1444189 202597 63810 47632 17034 21976 40561 13041 
1586340 390660 40386 23980 48412 60452 43936 8363 
1444189 202597 63810 47632 17034 21976 40561 13041 
1700530 39268 3825 46839 7752 17817 8852 5910 
631430 339697 171945 23372 16447 27450 49877 10647 
1656753 135607 48254 38360 36024 30354 20467 12653 
372904 222618 39543 11771 7179 16414 30751 8314 
215461 20992 10996 16724 13990 3675 6012 1406 
1178762 528876 25200 90980 45383 26829 22348 25925 
2114143 278535 134028 24118 45077 48742 29853 32789 
804538 40312 18763 11837 8116 17448 11747 772 
152771 35035 15572 20482 37203 32293 3622 3957 
874029 32711 9439 6635 2890 1958 597 379 
1351888 36834 110466 230399 24373 18703 18377 8075 
171477 30356 14820 1984 5185 2845 3016 2055 
1598267 1032178 425174 102695 80769 113409 80459 87688 
1833305 676983 84422 92963 53737 52649 96452 21389 
1743270 1148960 881210 223586 175255 237006 176240 69502 
583861 565210 258752 43832 38228 26407 49915 20917 
243527 14562 1171 1366 659 1254 794 254 
1250391 10785 1292 2768 2758 4009 2805 3798 
1787127 672491 27822 127668 24845 119344 89994 26614 
670096 153909 160342 53019 9452 90088 64800 10078 
2299539 519156 93352 60195 72807 52323 37115 27561 
2219479 653747 115911 124433 56035 87626 52055 34008 
674582 835455 562788 443014 521717 303873 180234 151699 
1142649 197068 16251 27887 31790 31436 35318 9439 
547795 954611 84160 95790 60332 73359 74647 19860 
154770 16315 4270 12808 2484 3245 3734 1149 
44035 81658 18254 9975 15395 13931 10590 3156 
2149601 218914 55763 54156 35844 39105 42367 9658 
1119969 400670 33431 25332 11619 42127 29042 6747 
632558 241836 40078 8824 8585 41932 32974 7337 
1306333 153980 82617 51106 9713 40711 47388 7745 
1417844 251600 28539 39786 35385 29747 28444 10599 
645758 321262 31294 9657 19001 30411 17466 7839 
1019511 376910 23049 87061 16384 33057 30871 18003 
1031667 890562 58365 21951 58490 34786 44973 14725 
196318 165655 1950 5017 3624 4495 6424 4642 
646670 42869 8352 8947 14672 3272 7142 3683 
1100351 108637 34450 29622 14271 30497 15344 7356 
614184 49393 32787 21543 23746 18270 49562 18770 
2819386 876399 305195 79647 44625 71658 138030 31964 
755200 656887 84487 62713 268898 236270 130467 74122 
732349 582663 243758 397771 221367 144073 85450 90928 
1010507 581782 129391 25835 79253 262610 80224 11788 
712566 210557 81314 132739 10306 73286 77518 15366 
1342629 114715 30694 204179 90572 32100 52104 33744 
1900771 2548178 188188 507000 396639 153978 213049 154172 
2280490 687588 126955 208587 68103 115609 145908 35477 
903707 1073949 127498 109511 60653 100622 89664 59136 
1136242 308941 31169 20055 12106 18375 30526 6651 
233049 61100 22062 8257 12508 15924 13111 11182 
257589 167933 31795 15071 9263 7639 12678 4175 
306506 193246 12248 22975 3685 16927 11979 2008 
1168542 24499 34766 5371 21716 4391 15234 3495 
1463195 304824 63474 19143 6747 41225 33514 14216 
1674609 630342 17756 81768 160553 114895 292472 95685 
911174 241452 31571 30664 4239 36839 22355 12860 
881092 72311 13690 3175 7767 4853 7623 2481 
2443288 91310 84722 293682 27678 46679 28536 12359 
311278 88109 21183 2047 6198 12638 9402 2874 
2041844 1873210 201606 561186 76639 136486 344578 26310 
147077 31148 9576 13281 10559 13936 17676 4085 
180149 79671 30294 15765 11376 13796 11736 2808 
855035 49723 17386 14798 2480 16839 12094 3423 
1613673 237513 15784 97686 29468 23995 22735 19097 
793051 215193 61047 48829 23336 31493 28835 5767 
585318 74157 35798 12746 9921 11308 12373 5298 
738043 155735 75224 57302 24669 23958 16465 12003 
950715 178563 185810 90637 73932 85519 75000 12579 
212697 615374 24457 118831 46836 172313 61799 29559 
737483 183889 51206 18422 28512 52742 155887 11118 
186927 48590 42532 11306 5554 13052 13461 3916 
912381 1084286 410935 124257 75391 168118 218495 37439 
637833 62781 41742 20032 10966 8005 7723 15435 
435052 36684 13412 13203 15840 12631 13890 3424 
660452 342490 195851 39012 65661 44465 33100 11051 
673960 19125 3622 23269 13110 8016 6130 3936 
940031 101620 79332 61566 54658 30395 27341 9120 
289566 67919 14305 8394 6937 4115 4674 596 
1064936 226192 24229 81079 39483 37296 31902 18219 
778347 118946 8521 4238 12173 13994 2922 753 
766172 259152 44930 33440 53475 34319 49845 33215 
641838 59817 19952 5989 3594 7755 13629 3480 
111519 47279 21411 27440 4929 16986 5218 5322 
1676124 171462 98087 37586 57617 22974 19129 11617 
725462 55224 17709 14320 9347 20162 9509 3382 
992645 22131 43339 13448 11490 13524 6958 3444 
1045944 215471 197492 56595 90382 103548 57505 21524 
622558 126745 19589 58270 19280 25270 49411 18149 
1303482 610329 119842 92268 54342 136684 96807 72287 
176423 374314 93807 70589 28840 33618 43511 12428 
925588 512227 281111 105450 274702 126645 148080 60978 
686342 91713 37924 20035 18607 14081 33818 14352 
800131 17009 40960 85352 15302 23420 21755 7865 
17731 17625 7341 7507 955 4258 2224 473 
320545 288885 76558 110577 38664 27546 79412 13061 
774369 144960 254482 203690 249416 289529 197981 112791 
694129 319301 45525 31888 10887 77994 91741 20951 
2072064 259690 8605 50267 21870 56142 98249 14711 
1116683 209194 91161 30203 56530 32084 60867 24406 
247497 136759 37749 57323 21871 14001 8300 7015 
417072 61006 1854 9892 3795 5936 8602 5868 
1245263 293467 33046 99988 35355 43384 68500 20173 
1270653 1269010 179425 589435 110560 81932 149894 116658 
709894 258535 94386 38791 14779 45427 17073 10682 
118461 233116 105036 65461 62004 52290 51869 18086 
318181 133737 30284 30646 42118 29963 15373 23445 
776550 38529 44427 58926 19696 21451 29903 10204 
1931784 1548258 100778 309101 49040 158614 120686 37387 
1086487 372530 135396 267746 250277 139201 449551 62731 
52004 20683 2231 1298 10201 3145 13839 2387 
2193113 550504 78592 103499 134432 83518 221019 70080 
1240626 72226 43548 34112 34144 21860 19073 8790 
862759 140920 91800 60060 145598 69322 74075 43177 
1173193 254620 289160 25352 24592 104792 67925 15024 
998363 433111 101595 80970 3456 61781 21962 12276 
423216 25630 45932 33769 12628 21039 67228 7674 
1092868 388541 17250 19963 15522 83883 80174 25420 
3605994 339467 97015 23535 124542 88794 307291 106025 
80132 54480 50198 12143 8901 28670 34818 5794 
86271 200525 60627 7372 6191 15666 32985 23641 
149934 38486 11532 12401 2366 4869 7631 1819 
227492 415796 47382 7675 47090 51521 41976 5046 
120925 40528 10648 12029 5525 6737 13325 4053 
45183 32157 1948 297 1114 1216 2592 920 
1330100 359196 60248 13857 64527 38387 56048 11908 
286107 33688 27349 14759 8480 8538 7336 2379 
1559834 1053296 233491 577340 197730 222874 174033 29961 
871309 67825 17883 14736 27373 16860 5466 2679 
881017 83593 4129 34098 4662 31038 14811 5494 
164507 167013 30680 5835 21419 15435 14933 5482 
975664 92491 49326 19252 26203 15893 36727 4112 
755145 47328 61409 8929 4374 14160 38313 2493 
188548 50368 96375 16512 20710 15769 24533 12687 
290286 724380 416083 143238 165736 157588 206942 68371 
688934 100705 34036 45448 10086 19388 41344 11998 
457303 32562 12388 11489 6448 11269 14992 2482 
1103605 461414 100281 109489 21299 80696 57516 39617 
262321 15819 5912 12951 8523 13185 2917 2562 
1064064 362848 37444 70774 14009 37519 39439 26197 
959113 678163 99931 33501 11604 22836 28067 11009 
259616 28009 15279 2354 3636 5215 4262 1690 
519811 147829 4441 5658 5180 4497 5077 1644 
438408 304726 43937 77350 19790 54506 37907 4565 
2720371 130595 265926 138070 18498 55183 52059 17412 
165034 131531 20634 999 8184 10802 8321 6143 
470766 490016 235817 63601 168877 102726 85810 68774 
1003655 270757 28672 53560 28024 42232 70513 74315 
316523 40529 35481 19017 15080 10431 22718 17700 
745008 158646 41157 21915 30199 29609 24750 11185 
533898 121140 4420 57011 10477 21275 15077 40556 
35460 4645 15746 4892 4150 1784 1964 1122 
63107 53173 7625 11653 6092 10146 8314 2583 
540824 81717 59080 24953 37549 28485 53466 12232 
2327233 851362 215368 467009 152627 195150 266640 445839 
322979 407484 67180 94514 42573 27527 38704 37506 
257640 68492 30594 8345 12777 21165 4627 6244 
859121 257008 45686 67007 45885 28631 47386 24734 
68030 12722 5345 23681 12978 9869 6599 4334 
269928 197551 93426 87527 27664 57765 54219 17719 
145912 167305 31937 28530 32314 30021 18260 12747 
1527700 518945 210816 100090 117481 181901 161223 39696 
1724542 444582 1642195 335432 127855 186134 216150 55566 
985729 937561 778556 650171 295683 403259 526017 148432 
1130079 1549221 12524 194029 120586 267545 143028 68516 
306255 1131060 71055 56168 80029 54634 144871 44361 
2120526 510643 13630 243138 126693 61180 197397 56754 
2614825 250175 89517 220218 180357 55340 92747 25351 
319400 63527 82224 14610 11208 62881 14795 13751 
1838554 977649 115102 365428 81456 150734 60059 74604 
307186 152722 3059 44583 14500 12939 19248 12036 
1845007 111041 14162 71848 26829 39698 32084 10506 
306219 372715 103764 56702 55014 109391 77892 12303 
1574303 1508061 796089 408399 271185 338865 348472 129334 
227895 248745 41030 23887 13919 21380 17717 5396 
1059144 88394 24540 52229 11144 15305 12539 1843 
1115844 758784 11342 51179 22204 18946 13526 4692 
752893 240181 44642 22322 6588 17602 16633 7034 
55777 109749 33012 18952 11274 17493 8071 5061 
319839 33258 5403 4602 4363 7076 1120 1494 
808563 67358 28410 9138 13926 9362 8019 2855 
422430 107395 100313 3938 8246 7175 20489 4657 
141475 44910 5411 7456 6084 6134 3185 5534 
906039 390415 238973 82137 39273 95106 167415 46166 
1286924 262916 20749 86488 43318 85843 50220 14517 
847777 154076 18015 26220 25069 32449 8622 24738 
1256162 468088 72965 84368 45745 68535 83442 41221 
1787123 635436 277844 231641 415594 273184 323217 77371 
1829791 484159 79734 100306 48355 90017 263273 15111 
105445 25325 8383 5874 19151 5612 34097 3456 
589257 279771 115993 86780 84006 157442 84500 28620 
596886 187425 101971 40217 33860 35069 42484 16681 
1112481 192404 79515 38849 42070 25200 63288 6826 
407150 128658 24128 42472 18340 14425 16609 4129 
1346153 2102193 119828 169368 165009 225874 146010 204943 
2492051 1429318 524099 166180 96646 201067 177619 195154 
1414954 441526 53320 75988 78759 95516 232011 50688 
1218589 152815 143908 141053 69622 64039 109266 70984 
1024620 244627 13665 75889 45307 86680 41856 21248 
23826 33623 13204 22498 11277 5189 9778 2123 
280914 370033 25199 23509 11696 26065 34867 6986 
897155 472200 54120 25482 42416 122740 45338 10720 
983523 1866753 124188 94433 108038 99543 108508 59286 
1251480 194282 7809 43290 36738 44940 17951 7643 
814009 108225 25146 8724 8223 33869 18496 17851 
2627666 412721 76706 101770 48412 107814 71554 49516 
735422 226187 95836 41854 11479 23535 21900 15078 
850359 159896 113700 46850 25104 47565 94604 13403 
326247 16730 14079 28152 9897 16814 11945 3471 
1223281 42755 28722 64612 60499 96641 36550 23860 
1556381 170087 39631 27794 15163 95713 52676 18031 
293601 57975 32020 7142 16310 13157 22061 4709 
2124650 460476 208066 100405 120358 80543 88966 74092 
134514 145018 28094 11488 26298 16717 22393 4052 
2914343 210605 143044 63243 139287 68322 83834 54182 
535837 120013 30424 63108 12079 21945 17996 11912 
950512 67514 18407 16320 5758 20507 8768 2093 
1570988 276197 308087 43307 40665 86826 52033 22173 
2471813 117443 51220 101660 34987 102959 32664 14833 
571301 164350 19157 14057 4518 47737 18096 14524 
2447803 68252 6577 33264 10005 16883 9106 6896 
792928 41367 30033 9931 13011 5329 19173 5222 
76972 93968 15492 7737 6395 34089 15959 3310 
797796 44581 1498 9133 9728 22861 14210 9407 
1945149 138217 231362 65664 34011 65972 122111 25555 
1591729 105107 14416 12794 6401 18477 37499 1178 
1772236 241976 50639 18998 14127 52361 67885 14102 
1129101 111310 30439 102803 43712 127162 98228 12354 
1299038 224649 164772 130287 72847 113160 37385 37671 
1144449 66650 90439 30075 20181 33256 57668 13118 
1430360 1064427 586403 161098 116041 189936 418825 72465 
671575 134419 95523 181830 81058 94623 42867 55522 
1353090 153879 28912 38654 13123 14417 24941 5642 
2774627 160546 20909 139017 44859 50962 60993 69093 
1693383 223306 78887 23839 40291 56611 140068 34154 
917695 182175 63229 241199 117248 135626 179325 36880 
250962 120192 11507 4611 23006 11709 7006 3976 
505533 555516 141044 48301 89582 67058 182781 65847 
326903 350200 125067 155393 63620 105407 111675 46316 
2102166 1181132 1860767 921015 281082 874415 241616 470454 
107845 84290 61534 16325 44389 19385 23773 16392 
1061758 447772 148314 24152 49776 51150 130821 45922 
1543885 446255 71452 168759 51829 80196 46436 70870 
1073362 291840 129629 31156 14468 40374 87798 14757 
45859 25733 16994 10192 2460 2901 10862 3416 
825489 1017950 143358 78138 55592 96067 55149 73015 
154679 1098593 70509 47358 106941 65429 82725 55578 
1806137 123515 26247 24690 24932 37363 41852 13494 
1374215 108871 75908 29217 28295 43037 12174 14237 
564479 38734 19965 5042 7162 7535 3599 3899 
392140 13621 6304 8771 1603 3248 3520 2515 
1081983 285381 237724 50160 15807 61313 26705 11166 
296625 19420 12962 17894 3927 10772 14408 2713 
1158104 160139 277362 117967 94692 28150 53701 14329 
264141 20959 6836 3303 28838 19058 11465 5712 
672404 219098 40880 42300 44800 39247 205064 46048 
893897 267155 176786 98101 55954 59535 170666 24816 
268695 306260 58813 33507 21182 47153 28515 7826 
1297818 443985 135696 107042 176588 153980 155166 47965 
221209 22761 35898 8333 3389 11224 15841 16859 
986795 158642 121270 10751 47445 23314 37730 19278 
1912599 762183 695190 278430 135724 336064 172806 271937 
2109280 326160 105312 60460 42286 37168 85765 54094 
298988 1745997 303695 406538 202915 325742 417795 108130 
756147 217669 288249 60549 24217 55949 124027 22751 
215944 281027 223138 115476 30180 77466 189630 55506 
353128 71046 11802 7726 21384 30514 39060 12901 
365242 36665 31489 31185 83246 40631 19902 3910 
836808 472173 33982 50881 16480 22657 119352 32230 
2006301 493959 232597 48613 64912 133561 133040 29677 
1418994 145720 36952 110994 53497 91290 134320 33951 
658739 103747 114109 11639 13562 15277 23040 20484 
699332 215502 24953 39058 21294 12380 19467 8320 
526990 50519 44015 22684 2306 19111 20375 11959 
640680 617927 94127 36674 66816 118357 72110 41412 
1311313 1217529 298971 72471 51224 95765 101252 54159 
219275 154797 5045 11014 5722 20614 31398 3502 
1816716 150214 12704 14189 15002 84304 44205 16484 
312093 1363094 61588 29871 23036 59703 92936 30163 
2167071 238518 102009 47419 49630 15870 59864 12964 
1910213 1748678 247793 316858 397076 201956 172467 238905 
308985 57889 124393 34716 29201 18697 31112 13085 
1268456 56580 41619 11485 14344 33674 23872 8069 
1029550 153977 21791 13952 10656 12401 9957 7153 
800845 351967 34317 7711 16261 22716 30543 10775 
378004 94399 69912 12960 32070 14645 54264 26327 
362755 84498 25098 73120 21501 27481 41592 18737 
153507 155862 20032 21307 21360 14695 45975 3875 
1359273 176487 57615 28940 89761 97549 84046 24945 
1553065 350928 114300 183237 91460 34091 54627 45173 
959014 371644 101921 85664 31683 46571 78994 17413 
647286 1351394 243927 212926 191505 279942 407907 123796 
895384 322985 225914 30429 22836 39136 69365 18100 
1693106 476815 123136 148256 99264 188934 285380 96154 
1535420 496758 187999 70116 131049 197514 135938 20647 
58287 26534 10021 4484 4096 5135 3812 1262 
912086 196922 209155 14623 136834 66684 57460 13175 
1390922 68585 4131 26535 11214 37175 18881 15244 
1178755 401364 196261 165114 110870 101663 140897 76032 
328504 56423 25664 23390 8630 11108 17298 2718 
496280 118615 104953 57905 41031 30800 50087 7878 
1356584 353123 76750 57933 69941 152580 94330 33772 
685361 482730 102644 29466 34361 79595 73295 15090 
1882920 128449 110830 16562 32408 43025 31047 8923 
1406297 88041 34453 10777 12309 25246 10155 5954 
1120279 31080 14577 36962 9360 11510 9223 5309 
28190 12429 13449 4448 1496 6713 3570 1113 
846869 125970 135230 93066 17709 65488 56620 28741 
2734365 988594 161700 74610 24075 61346 79318 39256 
239304 52078 63310 31821 14929 24238 28245 5546 
1118968 144466 70861 16283 11706 19283 47537 17339 
814649 281462 50893 136514 83279 58390 41459 23230 
863646 190726 247186 64721 47595 140583 72794 50415 
262771 49483 40442 5394 5006 16046 18011 7836 
2263044 1049592 471934 162143 56135 175796 259012 57517 
1357356 1843259 265876 340252 193757 175023 183625 277053 
875709 466371 53564 61663 85532 62581 61677 41347 
1649154 384362 274907 162213 33813 58711 65727 17205 
1109278 251727 83628 115551 37872 42698 85738 29746 
650491 260100 37696 34329 19901 15511 27416 7596 
476958 704270 10643 101231 95506 49962 117022 20629 
595054 41382 17041 5751 7311 11819 13924 7263 
935165 267179 26372 84235 36976 45286 54127 41182 
779606 796043 113130 220338 24716 127487 90244 51401 
670269 305487 49217 77926 90472 46296 31013 30312 
748412 386541 18415 25794 59061 33932 70416 19682 
1171892 310901 20110 75980 50449 54411 117744 19603 
327848 607073 166304 58293 101183 68323 175590 74687 
211598 60120 16883 27085 9200 6098 29656 17308 
181353 42761 36551 3973 20510 7042 19507 6816 
1764967 1761468 438064 299664 168900 306808 355343 168324 
436128 129983 13150 33258 20944 26125 40689 10492 
581045 62290 61475 38428 13307 9266 31525 13856 
87490 60969 59352 49218 25816 21269 27656 17498 
1148010 307533 238233 83215 72571 48850 41503 44723 
1787880 972018 94539 344130 136473 369048 96640 151644 
1636982 562074 489647 96843 115711 191081 175829 42546 
1509516 368679 524218 214913 223477 213754 514083 108400 
172112 100136 18977 9713 6735 13656 41151 5065 
807666 309589 116613 41385 21439 48454 30603 13911 
899007 183204 149351 30130 22605 120882 51980 17734 
1817569 244531 98100 47516 58366 89565 71776 17473 
620571 20416 12723 24209 15941 13949 11780 3595 
1054431 199624 7171 19530 28874 24183 79891 15036 
735251 177218 29133 26298 18038 24714 25518 9771 
1946425 256656 312805 140460 26753 141408 95243 42968 
2390078 202018 141811 207424 124254 214283 115024 44132 
1371876 273851 85450 23627 16730 45179 64342 28508 
1411998 56351 113432 38746 13988 138427 52166 12786 
2733189 405258 179332 115318 261065 195819 227368 121027 
879728 466342 47404 141672 33713 30030 29732 29578 
970521 240597 22824 19579 17679 15270 50579 4209 
671418 58216 17806 13659 9588 23030 35393 10262 
1171734 653399 125025 78056 57236 105521 43075 42271 
288523 186224 133493 62924 14136 50048 24762 37272 
1424405 472661 165816 99600 71304 42793 42823 20188 
424625 81240 45294 19950 18139 31272 87791 12785 
844737 163872 29199 8864 12029 31410 24793 18930 