1067436 141449 20567 10375 37266 21912 13356 3460 
227275 24428 2393 1482 2023 3328 1513 837 
1847352 1143758 106612 67987 56103 65638 31554 24508 
1774734 236203 8803 17497 37980 22562 7476 2345 
159067 19282 5810 3343 3113 4273 2109 511 
596130 29350 4921 33243 36522 14993 21176 2879 
1256218 70765 62826 29498 55094 25485 10814 6608 
877901 53524 5805 4657 2521 2024 1093 793 
757137 53214 3438 22456 9189 6494 2489 720 
210811 487048 115060 47792 42213 67398 20781 29379 
1663075 53715 3385 13903 5256 6558 4103 627 
1210060 476916 57441 72438 131441 59691 52277 14321 
677013 466453 76273 50293 38617 57707 45287 7833 
378547 101698 14901 19138 27662 22122 7779 1251 
934996 35888 10561 8489 6618 8970 6653 2451 
534274 68743 30696 34311 9191 6496 7410 1269 
1404261 122511 8418 9103 15265 16161 7134 4484 
95992 21287 1230 2604 2581 4892 3056 777 
870468 30690 6191 9457 3420 5076 1984 1623 
161779 35498 27555 10615 8402 8240 5593 1330 
1743239 636777 70912 26938 66635 34532 31527 20745 
988333 203055 50254 10577 4790 19319 6607 5045 
1371105 326699 89348 134274 59667 46308 19842 12174 
3246869 505453 95339 30767 33855 110415 69543 7484 
314405 23947 45143 4044 23354 7651 13042 4824 
773244 178886 28950 34861 44094 17295 6897 2263 
2031945 298232 156167 109635 34870 37719 31967 15962 
513217 47239 24851 3387 32424 22271 10295 1728 
924586 647836 30349 41228 66413 62350 61826 14986 
243611 30240 2205 4483 17188 4526 3081 370 
102378 23449 4907 7185 6006 2429 1613 619 
112164 213500 97819 23502 27289 38713 12673 3845 
2111572 407515 63613 50675 211454 53180 39573 8447 
277236 16293 21958 27788 22268 7147 5713 5059 
176908 156539 53261 12329 28822 13853 11528 3167 
704315 88548 57301 7911 15111 10417 16088 1741 
25669 3215 1264 2620 4259 1834 476 291 
2500947 486235 155437 102839 54483 34645 29882 11792 
797946 87135 45811 16933 25053 8347 18795 2606 
541748 13366 2691 4150 2752 1607 2012 437 
1649172 196505 11939 10485 10624 28197 9371 3666 
756009 149399 6841 5608 6889 15673 19425 5353 
1966922 31911 34952 9930 21465 19301 15575 2764 
1081812 183623 29425 11448 12450 17611 4830 6281 
720262 186318 28623 14904 6916 29675 13867 4244 
927603 128046 31283 95074 45682 53024 23003 11945 
694986 42213 13615 13512 2766 5542 1248 930 
446414 25607 12007 2401 8283 2863 1367 476 
1685299 764471 10114 45242 102930 80157 33085 15868 
219365 50891 9333 10397 6431 10952 1895 968 
1197857 235852 66040 22268 66553 70091 36441 6108 
1621161 106382 68221 89032 32939 23483 25052 18280 
121852 20909 1468 2188 7478 1818 1861 1481 
1764679 169753 46885 140074 112271 47333 74671 7678 
753989 170501 8713 14823 18360 4823 8227 3954 
147512 47346 9799 6160 9814 7734 7533 4301 
623575 63473 7093 8878 24768 26623 3279 3458 
894841 158810 3823 6256 14794 6857 4215 347 
211651 107550 20517 19152 35441 17231 6561 1961 
429575 585961 85030 68882 66112 65106 32910 10842 
604549 697811 69004 103098 86007 12961 23787 6153 
1293891 33878 45335 22283 19593 10783 6349 1932 
2767304 523532 14262 57272 34650 45739 56346 16933 
1677141 242550 13928 25872 16082 37745 41587 10379 
215851 54643 5721 16156 6527 9146 21140 9185 
1435186 209853 81096 30567 9153 17165 11907 3747 
1258646 309678 89427 129437 44806 28415 33119 11878 
416910 106349 2692 10249 11413 9100 18076 3469 
1630156 60077 8683 12622 11766 12791 5491 4011 
1090442 133408 31084 132432 21513 88417 17572 20782 
812719 130885 22676 21299 7180 12552 7357 2827 
796479 20975 30525 20485 40876 5773 6265 1265 
618015 1237120 30419 44965 33154 75920 35691 12003 
477859 39249 12418 30345 16039 17481 4342 1337 
154640 12238 1242 1338 1228 1555 791 337 
131513 14148 11558 2640 3251 3399 2063 544 
964483 153046 25517 26687 28925 9679 9388 5606 
79046 35448 852 3647 7256 3529 2518 855 
1063109 103273 11558 13090 13297 18737 6929 6326 
131270 25884 9905 3552 5345 1318 2888 536 
715946 146162 8301 22178 8682 16951 14576 3308 
141404 32497 1799 7611 3753 1963 1992 892 
526255 613408 13647 15262 18386 34576 9935 9257 
1618477 505243 5861 73524 53367 49154 25524 25349 
2027150 63302 12202 14946 8300 14407 3780 1775 
409746 127877 2862 29249 9387 3147 6838 2847 
825340 189358 31553 89537 77499 67319 48704 15106 
1395299 229012 7637 36183 43714 43392 35263 5448 
62072 7303 7059 1457 4109 1258 1992 402 
570628 40213 3921 16959 10969 9811 7713 3210 
116647 9988 931 1393 1971 2143 1741 2090 
338163 129197 8149 16552 25522 18190 11926 2588 
106527 12743 8532 2884 2950 2011 1088 507 
607645 154635 11514 86636 57700 20706 30144 7531 
1000497 469273 47774 43880 82062 67919 32637 10142 
1853081 61655 10449 7812 25444 4791 7707 1084 
104826 54359 7833 18630 8522 32429 5681 2105 
1233959 1339993 24484 99630 92245 42605 45273 7372 
75914 137330 10842 7977 4336 20413 4002 6525 
1247341 125409 41153 29426 21252 8763 10555 3115 
261686 120309 2122 4291 15067 10957 8280 2295 
454620 139235 46000 10421 14869 8888 5975 1436 
658537 169181 3467 53515 14760 24881 34161 10868 
507834 48017 15580 10000 3193 13861 7074 3343 
185793 80895 1092 10965 13919 7174 4807 2984 
1883386 211750 109344 26455 19619 32186 22360 6167 
1430586 305196 49888 16815 33769 7927 3126 10815 
1269437 178157 21420 13611 10776 11736 10296 3610 
826732 122284 5568 26763 51351 53237 29065 11981 
720583 165800 41472 15128 13421 20984 11247 5410 
1145056 31705 7141 15264 10223 3976 3175 1657 
824061 74296 9713 13377 14219 7031 10193 5022 
192522 92797 26191 18351 20879 10553 12572 3354 
1982263 213132 91160 42661 25957 47743 34758 10993 
1990636 95613 8687 3566 6448 5411 5039 3494 
181118 68913 38477 16143 4553 10023 7437 717 
738198 29242 15583 4122 8165 11955 2122 1711 
822756 43195 10783 2061 8292 11361 7799 2983 
723731 128265 13112 4439 10792 14548 4526 1636 
770140 246971 104940 38015 17548 27041 10957 4715 
1247942 62751 36912 7764 21261 8049 3877 3098 
1004351 177285 9414 32736 5728 26697 11958 1135 
1600130 252627 84475 52370 50742 29150 61866 3184 
49116 10876 4169 1002 1454 3598 1166 319 
1379075 226246 24534 43075 25558 40213 12201 7487 
1293857 269130 61135 24459 168235 74990 14509 4734 
2144311 477185 73090 104430 30182 34734 40590 8005 
354525 30924 11777 10009 14423 5498 5833 2675 
2193884 295048 23822 36564 29683 11093 6048 3691 
941103 200451 2377 42753 69649 39074 22221 5521 
162240 43271 13623 4473 9165 6778 1089 2445 
863441 21317 9634 11335 12225 9816 11979 863 
301252 71183 4875 14650 11367 7228 7400 2577 
1198869 662920 80607 31456 106290 82188 32236 20697 
727994 53899 17595 15390 19588 7009 6041 7913 
33619 11352 2154 4188 881 1387 1261 562 
2932860 191468 14559 26529 20908 12459 15727 2197 
973751 20599 12554 7230 14455 18441 7619 2659 
1086923 1001804 101625 40489 115674 60743 35616 9220 
1194010 54401 14921 13670 5044 10747 18772 3484 
639595 44879 13212 5440 10375 2469 3156 1504 
3465159 111208 124642 45489 78026 30053 30211 9585 
88614 34439 8540 8031 3913 2434 2624 507 
1405681 131309 23979 35281 12027 21393 7549 4324 
331559 51516 14048 16096 12923 7483 2674 2942 
1526390 269551 42329 49836 87823 46595 51123 6289 
630349 497008 124685 32993 67171 46050 19296 12268 
235907 66721 17010 20979 13525 16499 6918 2983 
2445557 230886 35382 9931 24460 34546 17604 14946 
190061 246021 441 6855 11845 7941 3570 1866 
140626 34253 12828 7108 6643 11067 12536 2268 
320715 102622 13772 16912 20940 5402 10898 2824 
1202325 109936 10613 7394 14469 9767 5892 1995 
3001196 626673 37936 54253 17446 39293 38038 13491 
817436 123387 15840 34298 15315 7327 6800 2176 
463073 37095 4565 2920 3235 6388 1245 424 
1071593 39954 19826 7351 9893 11434 4170 1426 
132772 70409 37127 4928 10786 9714 7472 5148 
2640056 475775 84496 38211 89236 60774 39608 15795 
1233210 47790 12493 12595 24318 16818 5630 3803 
1630744 402870 4966 45733 15446 53884 42281 16276 
2356393 60300 29297 49599 44019 100354 36386 14288 
222382 46666 995 10538 8971 3535 10684 1036 
1531276 631867 90999 83655 150360 39517 21826 11846 
268762 34382 16422 3734 9001 10898 5004 2022 
1209211 9185 22708 7030 8659 3558 6414 1797 
558318 183723 142779 21176 30515 8259 24621 13876 
151391 116231 15636 6244 8520 11369 7555 2589 
418905 8188 10289 6943 7387 6450 5720 1505 
1159300 156307 19173 20562 72693 36700 29541 8066 
603901 90206 2199 13042 20617 11494 6210 949 
1209487 270813 78670 49865 14140 42922 14579 11018 
461600 233241 8837 21319 70227 61619 30236 9099 
1021583 515804 20141 18483 27694 29043 25597 14292 
264322 48633 40396 5291 18615 4675 8080 2279 
956523 60567 7819 3414 7988 9432 9207 1939 
1105248 148994 42999 23519 69216 23166 45467 13129 
1381626 198398 88054 41283 82454 33394 41389 2828 
471997 21885 4887 35847 20121 16595 11206 10928 
1047121 83383 104616 6511 23890 17745 10126 4300 
322390 89785 14919 13892 29090 20861 11534 1838 
1377953 275392 3305 9571 22206 10107 6363 3408 
31448 9467 5680 1823 3635 2496 1960 891 
1328393 213674 127176 42640 30273 56686 56530 16700 
1115050 235125 72107 29523 22079 73094 11802 15518 
665499 113401 17828 14910 13931 20522 9965 3189 
110364 26159 2072 1130 2454 4302 1647 1072 
709687 109258 24394 94462 28831 52095 22958 4680 
488404 107144 28699 100161 73686 32756 22369 7457 
162518 23654 12246 22479 11836 9462 8295 3782 
768951 342338 47732 24823 24952 21351 28980 7883 
259950 62038 21830 22639 16495 8438 11109 2889 
1764011 77941 16471 10506 7921 16671 2844 3894 
953109 389518 53982 90888 60380 40491 29847 9454 
1372476 271875 163871 23178 91793 35126 20630 8718 
152251 10536 6379 1086 2099 1587 2986 442 
1070835 18844 5947 10204 11587 6660 4823 5969 
203830 116655 4185 14210 12995 7522 9390 4029 
533622 76731 36206 33855 54090 47737 31867 10687 
1779477 555950 148214 49589 34584 45265 27921 7597 
1275140 618691 117280 68226 95716 96006 50539 38445 
859191 241092 49948 10353 12760 28015 12440 18409 
1926078 178623 66528 107078 101125 74819 37958 21063 
687833 130387 12896 26785 70571 28802 25758 5954 
199800 15992 3981 13220 7163 8684 4893 1172 
2935781 153937 122372 31520 4006 21513 14415 15554 
323585 20490 3054 6256 2996 3166 1479 214 
938126 83435 23223 13632 21313 6146 7416 1038 
845244 142144 19569 5851 21925 10777 7909 3543 
2307662 52052 82873 22862 30211 26719 43365 9878 
2084155 228675 82423 49329 25625 43853 25001 29718 
547641 379907 42707 38312 63643 56115 11715 14572 
1104598 61062 2473 2442 10035 4627 7363 1153 
80316 6490 336 2696 2661 3389 1122 463 
673058 69731 18280 21080 11718 3452 6194 5243 
139531 32497 6115 13317 2456 7534 2043 2316 
195040 39174 3563 14912 3908 5263 4075 3235 
326834 596201 47008 19617 21861 5160 3631 1716 
1716677 145652 2071 7988 10127 14232 4312 2036 
330893 51431 5818 9550 16354 5665 6797 2114 
461492 304861 68414 76756 45874 61168 25204 14369 
669387 782790 157597 25449 42013 25564 14784 12723 
527405 276591 122584 24464 56866 25370 22063 13810 
795052 239122 10821 43273 19805 24552 29542 8622 
351112 13192 1958 4431 2642 1409 1719 780 
256983 21785 13498 2954 4542 7439 3199 2442 
195946 4275 3352 3913 3522 1353 1942 217 
1824953 86152 15964 3658 34525 68841 13035 14325 
206009 90107 32712 2993 9211 4876 3794 2611 
1072911 200152 77464 13406 25147 36615 32828 2191 
861535 248257 100463 15665 117345 30941 19459 9556 
1010948 50349 34392 19406 26726 9169 14049 10192 
906943 99183 36281 21197 22201 23225 17087 1939 
431983 153484 16715 9592 30905 19437 19006 14457 
504143 62658 8314 4912 2691 3495 1317 1188 
725723 162642 89478 13012 8193 23159 13756 4917 
1550717 1221315 46560 41040 103161 35090 44641 23575 
1144092 67452 29851 75146 50865 33993 17896 13058 
1990753 871371 184964 112105 87882 86239 163379 59734 
109574 18769 10438 2140 1220 1903 808 718 
234376 42174 6540 1997 4769 8251 28071 4337 
1417240 262097 51608 34312 67539 40327 26361 7253 
1344111 181298 80775 29420 8040 9941 5218 5741 
426319 122004 10019 1084 8670 7040 9197 2688 
863624 45814 32099 7449 12332 7795 6052 9476 
186972 118867 21814 19172 42485 25964 19990 18037 
416237 37257 26838 14032 1936 14591 7824 4159 
1182908 14360 5189 5318 5314 19092 3113 1943 
927333 56937 14824 3159 6644 11718 4106 10903 
185289 47330 9966 4298 4414 4488 1522 946 
178188 88997 1261 11289 8869 15609 7686 1922 
76229 10328 8219 5781 2642 6588 1119 888 
460797 139819 6765 7232 5044 10482 3820 6906 
90538 5441 6464 5771 8456 8712 2911 1172 
3051830 283273 84349 18021 50529 63684 25679 5104 
1089506 228911 14715 30688 21479 44443 27467 7806 
277003 121999 22442 77263 27893 52412 18280 10038 
238166 20348 17021 9982 3357 5525 4063 1825 
1873642 255311 166518 6444 30334 55829 18686 6987 
230556 52367 14679 12942 13629 8286 9774 5177 
145366 20067 13470 9054 23297 10304 2320 4946 
620032 50378 84575 27198 29296 25921 15223 25939 
160042 72542 12413 5384 6094 11724 8544 2945 
1689328 105003 63100 47925 31335 45266 75608 11106 
126155 95599 3465 15711 17435 8601 5418 1724 
697763 54346 13864 14447 3141 6972 3372 5467 
287737 43738 23320 2933 5091 6104 6387 1015 
485974 121136 46926 31692 50266 30407 15065 12173 
98915 90101 38746 21455 24125 23568 27261 7266 
250654 21666 4564 30220 74224 20167 28478 26683 
799707 103002 6777 10872 7607 10060 3100 5344 
196939 75820 2891 13537 13230 6689 7055 2107 
364516 46285 9616 16546 8866 7859 7410 2507 
197634 16045 3765 2930 3237 1505 1006 446 
277818 93161 5427 16095 37069 32254 31954 5716 
511820 176701 14651 21304 58310 27851 28304 12758 
2200967 405015 57730 18196 16428 22208 20167 6728 
2105943 259045 29418 10719 74241 22509 13772 8400 
351984 128557 11418 22539 10925 11478 4167 2310 
1593483 57900 10044 13078 3306 6043 1092 651 
917037 79503 20570 5891 14121 11416 8279 1392 
42475 66808 6854 1814 7932 5322 3614 1534 
1394978 174239 1343 33550 46469 62422 31320 13649 
935256 258102 55764 57656 22580 22866 33682 7371 
992550 26194 9126 5109 13765 5397 3462 3979 
552236 296130 38721 6797 8508 4219 3423 2614 
788678 40657 20508 45628 68849 24805 16474 6884 
771283 120634 30469 34791 18822 35299 20088 10518 
1051708 53056 12800 10620 5172 3159 1246 428 
471495 477502 27990 25706 6913 9603 8322 3854 
1755253 96260 18271 10150 16643 14664 2226 6577 
391361 41384 23159 6731 12932 11153 5805 2665 
2007142 39949 64237 31128 68966 29280 13888 16270 
129530 39199 1146 7180 21066 3726 6806 3784 
750095 430595 63647 25723 15884 94879 29138 19506 
288489 191576 10440 13878 19047 28205 22396 2983 
122785 29029 5652 893 1932 1470 856 400 
673838 128061 13183 21444 59611 51710 18920 10512 
678438 45315 37466 2467 2591 4407 3248 3126 
1439464 167514 64106 28114 51869 23912 28742 9266 
103482 12970 603 2726 1485 1037 530 230 
1035443 78436 19045 17777 15966 13076 8683 2173 
119797 26800 10515 10109 6294 23671 20981 3278 
140895 51329 8112 7767 6297 6056 3498 1076 
753845 63430 16878 20349 27867 22182 18559 4566 
1257706 131226 148857 67546 50010 87066 25336 9963 
1264638 137473 20300 16241 19477 7003 13333 5157 
168249 86127 50401 6703 15159 10886 7985 1434 
759521 111843 27546 14644 19662 11922 8704 4660 
114299 36028 3569 6630 17289 8245 8785 3056 
294567 239325 159414 113593 50568 126900 31574 8180 
1447153 158450 53482 44121 22260 17268 8866 2039 
49512 16098 2019 395 1486 1687 1057 146 
34084 36870 2580 4100 9178 3608 2403 1671 
55472 26870 980 754 1980 1663 1040 497 
44347 42723 2744 6486 4176 7414 7229 2007 
497827 65953 2423 7601 6104 8681 3663 3913 
376280 28892 7830 7649 8194 10791 6074 2762 
54901 99179 2323 79343 33108 38218 32293 8880 
836817 130157 32817 38300 38933 16365 9956 7779 
290388 16728 601 877 3056 2761 2383 750 
13622 172787 11707 33119 16744 22046 28831 10487 
796649 217642 15597 60493 13834 30055 22840 9111 
163674 55614 17482 47360 27072 33065 8916 8928 
547923 22930 6709 1038 11026 5914 3811 2726 
286240 170934 24624 35828 19496 24808 15225 6512 
161706 24461 2236 665 3432 2474 963 1191 
59266 3979 7346 2181 10477 6714 6286 2970 
1104041 27969 12709 15143 22412 19788 16377 7092 
1316038 502554 32609 35251 8769 46329 12806 18632 
1193529 341797 45884 47637 92226 42009 16182 7217 
180367 74106 13768 84583 29798 26801 19461 10873 
1000970 114597 48495 20106 14900 5956 3923 1953 
174004 438307 5846 30520 44876 70569 31302 10758 
667979 15172 3010 12049 6666 12758 8465 3651 
54725 37023 25697 6869 29609 18342 15457 5727 
565723 22381 8473 11177 3015 5962 5585 1822 
58193 25719 14295 1699 48141 16273 15917 9472 
231575 70906 10237 5837 2982 6154 7201 1382 
1252324 202262 30250 84668 20585 52026 13246 7034 
198710 215390 74942 27329 51939 22754 22589 11203 
625735 59210 3982 1250 3289 4528 3731 2316 
2211675 174080 12892 65170 21987 32887 18645 17593 
242805 94594 47727 78674 33817 18497 9715 7952 
96384 12239 4263 2441 5668 6446 5699 628 
896722 225446 43950 8625 69607 24207 13868 9679 
1090031 162760 19814 40586 30634 21611 13744 18348 
161516 13790 5370 947 2595 2190 942 460 
79045 69618 6826 5549 15524 8091 6698 5291 
138598 50345 1859 14742 9149 4952 2222 1540 
885443 56616 7637 14009 19396 15414 7094 2234 
452673 48800 4500 3494 7515 8201 4536 1227 
52136 34547 40546 59974 20756 20013 14012 10550 
891277 42403 18368 8296 6111 8222 2553 1173 
257035 308596 3997 15441 26069 18333 20331 8726 
1850551 386886 75939 53467 66923 29829 26689 12371 
523623 39744 15701 14589 8298 4093 1369 1436 
874607 71751 23451 18557 17737 9693 9485 3200 
246037 63850 10875 4559 6696 7001 3649 2789 
1186370 263453 34148 33698 26674 23185 25432 10961 