565672 80394 35580 11507 5669 11297 16912 6590 
880179 138440 10626 4896 13335 17499 12302 6135 
880179 138440 10626 4896 13335 17499 12302 6135
670095 268797 15882 24263 10768 26615 11731 3102 
261615 186550 93636 18074 27667 41410 16407 5891 
3590644 184862 61982 76126 18150 18858 43887 7320 
711236 398437 12583 16372 33634 54066 12198 9467 
102431 30175 4232 1292 2752 1335 2018 289 
1374693 66698 84678 43726 16552 23590 19562 3906 
1042035 85869 32484 22932 15626 10251 7699 3698 
1267137 309167 621458 49262 58890 54731 72851 9255 
682369 143220 4178 3803 12434 10511 15712 8916 
771733 336356 36051 8845 12408 13825 9767 5627 
1394230 688334 55074 88037 41955 91869 44315 9484 
222104 4244 115 3418 896 1359 1098 2094 
320884 130313 38339 7150 11786 12669 12834 9550 
948386 89058 14195 2326 2689 13542 13103 3695 
478650 47000 6713 11712 14595 10958 12380 7009 
616508 35476 5933 5664 3910 9488 7078 3982 
264573 85423 48948 7577 4296 10348 9939 3949 
204370 109306 27616 10723 26176 12550 7329 7088 
1773436 262939 27588 6218 32067 75276 31505 13518 
794399 329870 10814 22261 112160 51461 24898 7031 
1652563 18557 2277 5231 5570 13081 6468 11455 
1577462 36224 21975 20570 36897 55954 47566 14048 
133476 99126 18701 17756 23776 56891 51894 14958 
1174767 16189 40100 8803 22052 54045 65736 22054 
112120 7755 2409 5193 1873 3749 2931 1786 
2315496 296517 169591 36264 32473 38563 45382 23738 
1255823 169931 49175 40007 37917 36607 27762 10469 
87868 10466 337 509 4057 11233 8327 4945 
1498132 258650 12639 58290 20324 36642 42303 26200 
462989 84946 26838 4152 11141 11846 23529 4407 
2501594 213517 217653 18703 47479 42469 31503 15855 
3229687 597404 79561 135002 100408 94217 65238 18015 
981265 121803 14924 6177 5761 14169 8943 7367 
161345 75649 6104 6529 9272 6877 8604 1931 
40991 25802 3924 2298 4789 12180 9181 1944 
189440 196567 13441 3921 5538 11147 7850 1760 
355511 120725 82157 36628 72589 27078 18800 7176 
1189460 340683 34956 15952 24490 49503 28990 12153 
631858 47483 13198 13752 13210 34750 25302 8083 
765740 180689 22101 56853 23385 44367 26891 14346 
233031 39692 420 2171 4270 3063 1119 903 
172411 12026 12047 12510 41228 20765 20313 9605 
114669 74614 16262 22366 6152 12150 6411 1895 
74113 40230 3998 2818 4039 2075 1324 1183 
1454973 107026 43647 14002 30124 22532 17965 12597 
529644 327639 9894 25534 14908 28775 30383 6060 
942959 1259447 132677 49967 58500 55428 82405 19383 
810867 872925 88264 4483 38247 84491 73552 13911 
1026758 91532 17045 26177 9182 17138 11667 6936 
62327 34757 1405 1179 1026 3412 670 1106 
1890967 299613 1466 16935 35945 56329 77061 29487 
130915 92803 10988 7855 41910 39977 38331 23505 
806349 92219 68566 27990 13335 25643 31474 22046 
627848 90172 874 68207 27930 43783 29353 11927 
816103 336820 49078 9778 24476 9663 30513 14227 
2517885 691187 295968 147113 88667 197121 76613 123324 
691444 78514 63813 9580 6364 23312 20682 6608 
834410 32139 14187 6380 12638 2922 5852 1750 
297227 149532 25588 15944 14323 24935 10295 5993 
738534 11573 5418 2832 1807 4497 4779 3059 
1044784 111595 7706 15610 9997 20567 18211 5422 
40729 32140 1616 5260 4240 4694 1171 685 
426648 55541 27681 11502 14820 8289 6702 894 
89411 12312 6204 7607 4259 8426 10249 3862 
179424 6892 5372 2868 4791 8561 8491 2141 
561106 49630 47346 66483 21034 24392 26975 7559 
343275 86086 31970 14309 18916 12653 7669 3856 
2315599 114844 26038 28328 38688 40203 23168 6978 
810871 1069841 190149 24294 53045 63741 72072 17386 
1120576 235286 8584 34491 18229 22683 16610 23797 
1016363 69790 15152 9173 7256 8209 5517 3172 
119118 80560 6396 9104 10228 50263 18283 12701 
164959 131236 7126 17584 6088 4276 6626 5524 
274441 81965 3148 9990 6110 16676 5733 4351 
612419 42231 7754 74390 17796 37601 27180 9722 
49171 166474 57285 42834 31214 40616 25705 22909 
97518 14226 1450 4048 1413 3391 2154 1080 
43246 22529 16685 24503 21507 20130 24836 6562 
1728998 259591 13722 25858 9051 28703 48363 6105 
464848 34965 7552 3511 7467 9181 3728 3069 
2349791 429722 4113 28141 84071 40305 45123 11373 
24033 26524 15837 14793 32951 45601 14527 7054 
41220 30906 7407 11311 12376 17972 23506 10563 
440147 59329 18361 80308 7080 39632 22339 7913 
1031379 41993 73592 61485 32939 37958 48728 15073 
1470185 31857 11165 4514 4640 5355 4321 3850 
452332 105449 49879 40866 25294 29135 18828 10413 
10137 5287 13329 19454 12414 38262 25158 16213 
434848 355284 17344 24083 16764 23919 31105 7742 
1355831 16867 12640 2572 8166 5259 18667 2874 
381884 272599 48045 31137 38375 39182 23604 13787 
2681379 76293 29949 19273 12591 13116 25231 8719 
1707849 153313 32392 22832 102526 74739 16506 39506 
809118 33347 9817 9928 7809 8986 4069 3752 
616671 320456 72918 34502 10679 42027 26581 19440 
519989 86074 3237 5175 17003 9631 7227 5792 
1939256 194056 72495 69601 7132 51261 47128 31604 
2092467 499187 49935 17386 12864 15857 21039 14666 
991176 547814 15014 35572 33533 33236 21044 13924 
647340 145249 30984 3151 12130 6873 3696 2936 
229719 187517 20879 25245 16797 8176 3182 4739 
1204901 164331 16078 21051 2560 6367 10014 4525 
1087160 223442 54217 42942 34173 33670 23261 11568 
457511 75983 6003 18652 7486 5482 4756 2764 
68376 6902 1570 3106 2388 3979 1947 650 
602336 58139 5431 4771 8061 4208 1146 2134 
542035 494375 15701 8006 33416 65657 39658 14713 
1216393 161577 27851 10281 3710 11018 10730 8305 
1372537 823399 93212 36773 45971 44204 27652 16443 
951257 67451 8376 9761 5859 3914 8243 4043 
1047209 118130 75628 8498 13756 15424 63766 14555 
297944 280070 30055 14975 1155 8184 8925 6255 
696523 38896 233 2499 4194 6694 3727 2102 
274614 253242 36819 73286 30298 92966 14314 16649 
172491 18136 1757 2596 4069 2243 2010 657 
712674 394174 83282 20169 38497 66153 21693 12967 
427826 55808 11705 31710 4121 8888 14267 3026 
831051 103801 40497 12249 7972 6888 19951 7254 
1764206 410557 195579 33804 17043 45710 46250 27651 
263443 89316 5192 47104 21444 25266 43013 36766 
189189 73250 8495 5356 40646 44848 34343 16841 
493651 185625 81204 16633 27089 32325 57366 11842 
310279 65702 21905 27593 28142 26224 14016 6409 
176506 24424 44350 11753 25291 28249 24107 12705 
298379 199301 4312 40527 14563 16093 28237 17463 
782786 32060 25917 9752 8257 9541 9485 3674 
199643 58555 15298 3189 4837 4302 10397 2763 
930943 181469 15076 62082 8461 16545 39928 7487 
140774 198280 13819 6172 5165 9843 7243 5056 
1206384 202550 44150 72481 25510 26319 26880 14871 
729763 353166 101141 61445 52188 32908 112215 14645 
1629793 323839 26806 22542 11603 67067 37467 17715 
729406 42858 4234 5165 2894 10305 11716 4157 
128698 15033 1618 619 7629 7304 6033 5008 
219922 170528 3899 7665 7924 39936 7982 9555 
933163 111363 17269 42856 20335 19026 21114 29629 
973774 254846 34991 47867 26653 30678 26742 5923 
1046912 97991 58508 12336 9005 17188 28465 21440 
1300952 762798 64068 62662 19581 35122 14755 13493 
581789 65736 142316 6473 11597 27132 32751 5274 
1356214 671152 97674 40238 28474 33375 26090 7695 
412651 52810 30193 14354 4206 8324 19724 1051 
1431619 122540 2623 2494 7743 11683 17118 3653 
1396047 367288 128271 54565 20164 35548 36904 28674 
220341 102361 6252 35939 9662 28398 6919 7936 
258721 201996 16010 34673 4751 18617 14223 13996 
492826 127613 6535 5229 12847 23142 17706 7207 
629987 88631 17035 15042 7076 5270 9685 7501 
2005026 62033 20034 45613 19353 15587 19328 10133 
1303870 233592 231751 199112 44486 47171 21761 10134 
753113 23200 13543 6384 10422 4320 3683 1183 
2268921 436891 42894 43793 55847 11022 4609 12586 
493058 48532 8489 5134 4704 16181 2645 5843 
144149 7970 286 7025 2001 5310 1461 3562 
197784 29469 16377 7255 6348 3668 3268 1007 
1246184 118650 44308 10245 30969 39973 22856 20829 
1583769 203088 48331 18954 12959 31620 26604 14462 
207361 118175 15425 16720 6756 68331 21189 19460 
1121161 130873 42998 34922 12592 34791 12646 28020 
321440 10976 6561 13487 12054 5873 5471 1934 
468241 119812 14171 23029 31788 23542 14675 13122 
334498 70327 28105 15478 21854 24998 6854 7748 
14871 13224 9631 12312 25449 21547 11347 9350 
663928 355262 32511 17436 12373 28069 10793 4834 
108866 24924 14002 2188 5118 3973 5652 980 
419864 296450 28997 28161 35007 29816 13164 23199 
661102 23067 27688 13541 15757 10619 20239 9610 
289703 400722 46776 27977 65914 41512 16428 2433 
1232050 18633 20157 29560 8263 8236 5310 3064 
58826 5706 2138 1355 10263 9637 2665 3842 
270805 96815 44154 16953 13187 18579 36197 8966 
137389 37485 4764 7604 16659 24531 7497 14897 
1129055 104601 98164 12496 20379 7251 19275 3631 
2570657 775851 74702 158666 70328 63858 47159 37310 
990782 26255 13883 4988 3276 5428 5274 1985 
459929 83812 20138 14854 13099 53522 43773 7531 
204109 33680 1571 2012 8768 6187 6009 9631 
763338 291970 50248 10796 14858 9993 4564 1455 
2655840 96643 12167 5267 7865 6473 5703 3908 
510982 172034 29668 25911 8764 26273 21772 8792 
93585 10810 19865 11017 15758 16310 24261 8549 
64826 6845 4076 2327 1546 2095 5267 557 
772524 65159 36918 45121 21987 10093 7063 4602 
272479 58744 26309 12397 4187 6265 4233 1782 
1277079 155091 56787 33986 41629 28928 14854 13488 
1210411 278486 27858 35797 35188 11879 20615 11301 
315534 148891 14948 24291 11457 43508 13559 10841 
132284 32959 15104 3515 12926 34724 11766 12594 
201600 74147 20150 8026 5923 2824 3540 1347 
1470905 275773 68874 58064 28506 30419 26370 17148 
263774 128877 32304 20127 6511 15844 12086 5360 
204419 52696 23122 21864 55606 17376 24662 11168 
1502377 41406 27937 37949 11949 19157 14698 15859 
195878 50732 17915 30595 14402 13538 13607 10064 
885894 40956 19689 26955 7550 21464 20833 8311 
626612 584537 302489 53346 10040 43437 36279 22375 
245306 95522 1076 14918 55840 38540 15794 9631 
318333 382392 27729 11556 21826 34255 8399 7296 
1018917 187633 27049 33224 79280 75362 33353 13188 
276561 146528 18391 19158 18800 23836 21793 10169 
197795 31889 7435 5055 1704 11614 7062 3323 
1394645 906303 169676 35917 66249 36661 28827 31358 
2600318 162623 53344 25259 22115 15273 5062 3738 
1025219 134577 26491 21951 27124 48425 20959 17869 
10649 19895 3741 24725 5450 53013 34945 11062 
756640 45397 21805 17150 31601 44438 13308 4655 
55252 43898 53981 14935 19589 14121 13755 6301 
24006 28091 8513 9416 6850 18204 22790 3412 
20470 127163 15917 55460 20156 21869 4655 3320 
43519 16596 7784 3037 13699 13129 4399 3228 
1546143 183049 98836 52945 40201 18995 36796 8301 
252348 108929 33846 10062 20279 25116 23166 13835 
1037099 219722 46773 15270 9807 32503 8987 8586 
242185 39695 3569 9181 6978 6855 7482 3905 
223179 7648 3217 2957 1577 2862 2021 719 
685141 678988 26991 27971 12680 45277 20155 15689 
54161 21849 29750 13310 13284 34570 13373 4427 
1745721 125503 42589 17248 18414 18777 8883 17888 
96712 4729 30041 26947 11001 29044 9968 3329 
80865 20066 40137 7400 10210 11143 8422 6232 
63712 18804 22807 14998 20447 10593 5058 11436 
40395 27666 31686 34733 8425 19527 7038 16015 
1171321 156853 38408 10907 6608 17563 23805 14388 
85853 10891 1746 14707 18476 15254 10067 3806 
87809 28880 2010 1999 2414 6015 2786 4241 
20328 23096 59375 8972 12326 28479 16075 2336 
63699 51000 10726 30254 25825 24814 13002 8963 
222086 52961 1143 1143 3311 3083 2851 2522 
51982 49643 27956 6241 19849 15289 4297 6811 
184280 57541 14382 6910 12805 9338 25770 7763 
67078 33577 67036 7093 5089 20503 22297 4871 
147402 70025 45380 2938 15536 17911 12362 9480 
108938 173603 25960 13134 7876 56387 12661 6708 
273010 100525 21788 9680 6250 6642 2841 1943 
272425 33928 19970 20489 14077 3821 2674 1380 
574553 65776 54572 24610 10674 6867 21767 5864 
105894 34016 3783 2773 881 966 840 209 
352382 156817 33148 5633 4451 8124 5518 4888 
51548 144465 19024 11515 17772 17197 16273 10269 
239037 108179 24817 12709 4080 8625 4399 2913 
600362 82744 10477 23066 15982 29401 11264 11049 
1028561 204739 29777 54718 26348 15409 24110 18388 
111337 36796 3780 4039 3167 3560 3990 3022 
393867 237747 37407 5509 7416 12555 14521 5841 
33459 29300 14503 12661 11035 20428 9262 7030 
14176 97326 34555 57361 15335 11965 9623 3596 
207858 218833 58322 57976 28225 27376 9868 7838 
807832 149386 7554 5887 8796 14925 12144 9017 
1132787 149774 133832 38823 38257 27599 26516 23563 
229472 50376 19485 10707 4180 7700 6430 2631 
50326 15699 19568 22022 11232 16310 5450 5944 
148085 31276 15033 1951 5126 7407 3846 2499 
752754 179401 23043 23812 27779 35210 25717 3707 
26236 63227 29507 13260 13935 21095 7998 13567 
23511 23365 35670 6729 9152 23331 12520 7014 
31022 29103 18922 7537 10906 21380 10480 12550 
27238 15231 16225 53201 7776 32061 20807 7976 
77652 51648 5248 22725 17095 10088 28123 5366 
157432 68201 5265 1388 3091 6014 2965 785 
482146 106548 51210 49331 11935 27393 8394 11231 
553441 45733 17918 13143 9887 30937 9529 9771 
103853 63711 7940 5222 5723 6350 1644 4344 
78466 29408 8432 9208 9321 16463 8327 12820 
164315 171080 23170 99252 38713 43573 25728 9796 
57591 48569 66276 32016 37752 23562 7672 11355 
343232 87965 10518 23665 11306 26884 13805 7428 
51597 5003 18884 16253 26987 31404 18351 28434 
51655 44781 24179 23746 4963 19241 10528 5871 
19388 133137 5043 11085 11083 11861 6222 3406 
49892 32733 3406 10092 8120 32379 7367 9152 
21764 13535 10856 16384 4465 39038 19211 8688 
37962 15701 5027 3836 5798 19742 9543 5386 
669075 171301 4874 6811 18723 30025 15338 3639 
56978 10689 3883 3448 2994 4382 1488 665 
312955 58744 14734 6411 13818 21296 21031 6799 
105545 105187 11887 1575 6293 5643 4188 1995 
77693 116854 3892 17618 4007 43683 9211 18316 
151280 23203 6641 1511 5266 8088 4563 6375 
50383 28978 24638 21188 7576 22935 12163 9279 
41643 27280 19718 16827 25485 14686 14793 10110 
360772 49572 15089 18165 6588 36588 11457 12810 
33742 37958 2655 8756 7894 37147 10139 3337 
32401 27528 35954 8742 19762 16307 8661 3949 
27712 34670 6514 11996 7645 20540 13574 13736 
16952 31619 16964 14860 9798 24731 16972 20103 
67189 9480 9102 6465 17608 20729 20071 2825 
837360 148303 24585 18577 40592 42661 13096 8158 
269235 185198 14302 12776 7862 11714 13879 3270 
141128 10749 4772 2945 2472 3839 1812 1020 
149131 512051 19463 67134 11589 12054 27923 14117 
209106 104877 13181 14589 8381 18130 13011 3664 
1333777 228076 219497 64853 43958 50774 29627 28264 
1323044 41527 31533 12781 15465 17992 13129 4628 
918355 106197 31201 43145 33138 22001 14147 11766 
408374 101591 22004 23816 23702 26347 28570 30845 
170148 48869 16203 2963 11121 7711 5281 2121 
120048 33354 51586 15392 15691 5524 5689 1701 
188668 95786 5297 9113 6015 6550 4934 2650 
1596171 171733 19823 19803 11677 31606 8631 8671 
410770 26652 10970 8561 11191 20289 6860 1736 
149147 25888 17602 1523 4431 8204 6491 2378 
168857 45251 7242 5542 4102 7086 5113 3353 
40225 19212 6250 3859 1456 3321 1628 2083 
262724 145280 2144 21916 12636 21138 23226 18672 
34700 14342 5537 8546 14082 36194 26545 7351 
593075 71882 29042 7312 7011 8372 5971 3176 
846663 241254 53787 17452 36193 99794 30865 35073 
696792 37217 4407 10509 20463 53315 24058 10133 
58985 19619 5888 10518 10868 39253 19009 7827 
1312536 133409 23095 9021 29578 69652 18652 31541 
402753 66348 28103 8352 6792 7294 9148 7323 
529951 472025 35479 23346 60680 39931 38578 11688 
27004 16585 9655 6573 3048 4266 1900 904 
1885780 209644 20012 10969 6139 11654 7446 12603 
872217 24308 24533 15511 10238 17910 20354 4237 
1305662 173475 32168 65190 41006 93202 18355 21431 
219573 69039 2579 5288 1891 2974 4094 895 
846399 559626 72179 17172 53200 56318 20774 14438 
914956 257881 91928 20088 56202 51367 25751 25743 
1000302 129406 178039 23261 15110 27634 37998 17018 
2458950 292817 153402 21165 31295 51489 37810 7431 
1907453 454778 31754 25815 23352 87216 37488 8724 
1678494 409742 142017 34067 33295 28929 33037 15521 
1496365 332837 33630 31581 46188 16245 18475 7140 
386378 82570 3359 28344 19882 45412 29016 6689 
103029 57216 25111 31149 8395 17313 10680 13162 
577770 39846 7306 16481 16843 15329 20883 9815 
153465 104381 47822 25679 20283 35077 44239 10747 
55617 55387 21522 15323 9811 25517 14529 6784 
112602 12781 2236 4220 15273 6441 4859 2228 
72449 11914 4093 1860 1496 2116 1144 373 
113491 79527 15266 10905 12410 24648 13599 8309 
129887 52821 10179 12976 8466 8355 8209 1398 
760977 91360 7350 26087 11335 12342 9790 4944 
126574 99622 28569 2713 11340 10030 12079 1280 
445104 78610 5156 8921 5555 7782 21790 3148 
147502 260837 63920 24971 43806 50236 50998 7269 
212400 30192 8531 5429 3689 6016 11243 4059 
35295 43915 33530 2314 15776 25475 42919 12632 
1333702 117614 20239 7284 36302 44716 36004 23684 
194648 31899 50749 14849 11302 30217 14751 7307 
131826 11847 1556 5265 6102 4365 3605 2039 
819586 140619 26358 64924 36958 27959 8681 17355 
26565 21970 27451 24317 10274 24714 20163 5555 
162967 38655 6790 5464 4528 11498 6283 1559 
1041954 61576 3376 16765 7177 33924 16141 15029 
87124 98933 13368 7617 8168 15518 11542 1946 
544419 306633 32242 45847 25251 22314 45558 53484 
655912 14826 9556 3396 4052 13365 7574 10358 
125771 28636 3527 10114 4240 5383 4833 1637 
437754 16943 32775 27246 14899 17565 16044 9773 
41046 58081 47179 21708 12865 5690 6499 5875 
25723 31686 7438 22435 9161 18428 5534 3629 
120296 81713 30625 30864 26495 16140 10739 6232 
58978 37384 19277 33813 9756 8442 4378 5494 
152221 65763 16435 48685 6124 14738 9012 1542 
103552 122757 71867 21249 25330 13282 6031 7571 