89922 16843 3622 1917 5035 3059 2042 651 
2157242 157490 62710 72787 67066 72473 16519 23570 
2157242 157490 62710 72787 67066 72473 16519 23570 
904708 97768 2761 7789 11287 16901 8986 3110 
903378 50330 6563 19721 6814 9477 6543 4207 
73257 58636 2990 2404 1153 3175 1408 171 
300379 116466 16840 5475 21386 8314 13778 4281 
1263972 99544 14620 9478 9657 7265 3929 2664 
802223 42881 42397 67116 18802 9313 3565 3375 
750387 115387 12288 25124 5496 17155 7396 2940 
255813 24508 4772 2648 3149 1348 1600 805 
144953 21404 2509 1967 1113 3950 4534 587 
698022 110624 18649 6521 22369 14828 5099 2466 
1102026 47704 5932 8453 4875 13256 9147 2484 
198457 85345 23344 7644 3296 11717 4343 5084 
839877 203904 12265 13839 18312 52627 23559 5669 
92858 168477 9943 6699 11197 11356 9587 2651 
44210 10525 5588 2230 1337 4002 1685 427 
1005090 179248 8814 7045 14760 6864 8308 1634 
295797 95572 7010 5899 11941 6835 5792 1749 
1537551 58966 7947 4523 3313 15019 4630 4888 
615124 267375 57006 23882 54711 56368 29542 10964 
761934 75533 7288 14681 15401 12041 5556 798 
1707667 248587 21063 34422 26189 35926 25266 10677 
750738 165551 107754 51417 20763 18657 33818 27742 
1368481 178292 32519 15618 42077 31320 19381 8933 
328983 78210 8011 11139 10315 4020 3037 3005 
1696364 141972 18632 19184 41974 35212 35005 15358 
441157 216048 78356 10449 51506 28117 30070 6687 
155933 93095 11445 3843 5267 10156 6447 1268 
710854 206781 18467 15757 34465 29043 18170 2962 
275290 18655 1515 3496 10257 7752 4196 1146 
247964 3281 3355 1230 2438 1542 688 461 
460461 95184 36107 56244 7686 17149 10041 34789 
199455 34792 9075 14056 7564 3694 2760 1572 
85542 125102 13439 70507 24306 19022 15662 9793 
1812702 305493 63212 30033 15145 35229 9921 9212 
529475 76073 144597 77701 23946 44532 20755 8845 
1021444 495214 48637 11295 8587 35860 21742 7448 
944577 81083 32429 20591 6054 26116 24716 10924 
899128 231715 16595 41781 42972 25890 12707 11325 
99076 17018 13411 8736 5707 9649 3741 2307 
394778 320328 20014 18829 14441 28824 13186 6128 
75215 27967 55303 4733 15215 38053 21152 10069 
307433 65242 10394 5619 5928 4881 2348 2954 
726730 75784 18875 28619 22491 27887 18168 5238 
180697 12048 1719 12602 7615 7157 3872 2111 
1081432 165793 29383 131697 11899 26155 36582 9407 
1679469 143085 51068 35547 53003 20356 13738 11479 
1789852 123507 34300 23164 67326 18604 12096 12455 
1496378 136735 30230 14041 50169 29522 17821 7274 
399688 23123 12466 2098 4297 6735 8394 3233 
1147132 533415 36509 23793 77104 17642 28905 9806 
696497 68974 13062 17736 5199 15870 5234 2885 
1153661 126588 33381 17152 16413 26904 9534 6264 
1974857 120000 38246 32695 12464 46360 22368 10051 
137828 64859 32897 13863 33695 22447 19988 6807 
67825 54851 2361 24697 12346 33330 29908 4482 
1888798 283108 54244 31611 43059 26977 18702 7405 
168000 42383 7987 10666 6701 6790 5149 1714 
1304852 135019 54038 15101 19449 27047 27744 8073 
859637 205517 181240 10670 16507 16428 12548 8941 
156861 50264 16119 16377 3762 14416 6417 1745 
649240 75848 22825 8843 9816 9307 3658 1452 
63995 9017 808 2291 1375 1673 1326 675 
827675 166447 48396 59109 39443 37007 31852 6791 
81037 94266 23049 10218 8248 8948 10839 3937 
440408 172268 23930 43394 14492 38288 49536 10429 
413275 94020 73195 50347 11207 34552 9529 7757 
456426 234692 72816 63798 15858 38147 15395 15493 
370503 292088 51657 28845 34075 37791 20823 10611 
278596 58036 45033 16268 1989 17281 5432 5571 
1298004 338015 19267 55505 35330 34352 21189 17310 
394156 162768 8163 9986 30513 51998 10859 5578 
14306 26645 2166 849 7070 6354 3072 2442 
970940 202999 33954 43787 21220 25798 24014 9932 
162811 11225 30701 9101 4029 9151 4079 1863 
968062 356952 45411 57518 37998 51774 13284 7710 
201500 81982 14983 13843 15736 28223 10308 8947 
1456745 64881 49282 31798 8988 48427 29708 14528 
963562 108493 24670 52598 22164 43236 22636 5458 
687681 78645 65807 23485 32775 43374 19673 18417 
151673 50732 23426 14474 22263 27780 19752 10953 
111936 46999 8097 7861 36857 54716 10922 6837 
1376088 534367 232956 48051 36057 21675 21091 8439 
388615 233753 34254 48570 26361 30499 35025 19667 
788486 202721 7533 39480 6835 36548 6117 7913 
552908 389582 35517 54868 20621 25081 16416 8400 
430264 65702 28457 14986 31319 24951 24454 12988 
105962 78127 5518 6248 3356 10298 3905 1588 
638646 40077 10108 14841 10915 21179 8516 4248 
392556 536077 101872 73017 89107 44334 30583 27386 
116390 3988 6669 12848 4372 6615 2561 2305 
593491 37958 10611 5507 21837 21032 19809 8520 
398859 33746 10325 49295 16122 20812 25993 33106 
92899 43893 14464 56539 13149 25216 11402 11426 
290260 77826 17280 17165 5097 7503 2697 2322 
971932 402253 41903 33724 8833 43807 26592 8311 
116161 29875 15892 996 4879 3234 3067 1717 
561691 80740 6825 2136 5847 10518 6253 1869 
889045 50657 8294 6328 10293 25047 19908 12617 
427501 48832 26997 53617 7875 40467 8792 11525 
448848 194523 18257 39117 31625 32434 14631 6370 
56721 6225 2036 5031 1561 16193 3421 4374 
118108 28186 10086 3233 3059 10388 4297 6734 
1294811 21433 32866 14032 12094 53591 12006 17844 
69799 17980 10850 2753 12491 10720 4796 3875 
158168 9831 15301 4796 11506 11338 3814 2561 
105298 64717 2186 16334 9348 46734 14031 8153 
1079442 48603 34724 2857 6212 21460 1837 2395 
457404 185091 34325 5239 53577 28278 8693 10803 
41122 27642 23982 16742 9348 20317 12645 6206 
665568 190165 14953 12036 18814 27972 14001 9137 
21913 15334 11956 2468 1920 1319 910 726 
1023065 342900 38167 8611 9818 27627 10586 9773 
1559356 144035 34072 2149 9562 33700 11869 3781 
17059 37813 1073 71638 12053 25106 37438 10004 
367830 43325 44081 11305 16728 22367 11661 24443 
416153 10057 9945 3516 4759 4447 3836 2015 
86767 14333 5963 8094 4641 12458 6860 1295 
221858 100128 13850 21002 13190 13849 9053 1729 
254772 15023 11143 23853 32057 15687 13040 22440 
254963 49313 23196 12969 27961 40808 13099 4198 
372716 28260 7305 24961 27344 31465 10673 9065 
117487 9879 16621 6500 19761 35173 20672 9334 
34006 24870 18638 18168 5398 31065 18585 5130 
491379 46436 48715 16842 26650 41379 8130 13070 
205387 193492 12412 18109 10886 18010 18205 4201 
109860 70454 3383 18368 34457 11516 7703 7123 
67001 31543 3702 4838 9435 3310 3961 3993 
473290 116310 74534 9719 12335 40151 29588 8634 
45766 34471 19159 25451 23410 27540 9693 11648 
323852 74877 18708 34805 9674 24902 5803 12993 
303343 131783 8142 10651 7046 33028 9287 2650 
244952 47228 27588 13301 11507 5293 9170 1608 
138627 12560 3309 4263 1843 2447 1160 551 
679023 416069 24282 15889 13780 27555 12503 8534 
397188 42829 11526 16482 6365 35410 19638 14756 
239645 105392 45403 12169 12626 39702 8040 5346 
321070 42664 56506 13222 22442 26394 18576 13580 
145649 3796 38631 17464 24880 38332 23293 11940 
139207 10197 607 13402 7169 6327 2435 1837 
800353 142992 11976 12424 14672 17252 16311 6113 
284422 23637 11112 11019 10757 7907 2963 2531 
212311 55287 11445 18011 5667 7089 8673 2189 
680751 83327 5169 5960 1300 4235 1135 454 
3483743 1117165 133333 432256 60106 46588 96270 13994 
832433 224409 43264 40290 5824 8224 3930 3206 
319962 153382 12127 3883 30495 7912 15356 1367 
942869 166399 17747 10544 5190 7007 8207 1717 
181533 287009 23910 11852 20865 9314 6773 3125 
964313 479158 41149 53323 49385 37190 37227 22579 
724146 335352 93873 48074 25363 30311 31964 8809 
1131711 298332 37092 7668 21272 30895 35223 20933 
1491230 288523 25936 25942 20113 22064 86188 17043 
2413128 114798 135946 20030 15980 40768 14157 18135 
558958 282832 48533 17564 28054 51596 12226 22968 
570648 150179 44758 27804 34449 19185 10816 6218 
474903 24622 10292 2362 6173 8694 4306 2440 
470955 152866 19098 33490 21304 26761 11828 12897 
130445 77210 12223 5786 8747 10231 6619 2858 
890751 76365 6680 45614 21942 51113 22058 11523 
236540 323107 19189 31481 15711 29327 29659 7510 
59437 42784 34982 11018 19422 43621 26719 9996 
234109 64489 48965 34120 16106 33656 33581 26243 
513646 77806 5025 13617 7132 48417 21952 14655 
219701 51246 4312 3907 3308 9756 8729 5585 
174030 49897 6145 1203 9039 10494 5270 1028 
2114965 932528 54511 126411 25747 48073 22861 12267 
592999 167956 49505 6475 14015 8566 4677 4876 
717523 116158 19062 21467 27563 27560 22565 13612 
227510 67315 5083 10055 9095 15425 5646 3040 
560835 319005 2173 7094 11433 5187 9798 3294 
99908 25771 14388 19131 14984 57592 18291 10726 
62148 18468 19181 2935 5416 6299 2685 1296 
27608 31537 41209 21988 24230 31447 13550 31491 
939091 53106 25472 38743 17192 24859 16254 20290 
168487 35910 23561 103507 48013 77441 31201 5189 
539732 32067 208 2813 6327 3231 1610 1262 
1336858 49639 8596 14225 10849 5254 1324 969 
280299 25895 2126 1291 2257 2796 504 237 
152827 18351 9108 1602 1906 1152 949 297 
965528 737739 28302 15290 9166 14761 8092 4883 
2517509 444759 196955 151080 175103 168122 45939 11814 
342045 104748 75304 9674 10301 22994 47605 21210 
1147016 95247 4634 8275 9572 36119 16572 7425 
584165 87177 20102 7810 5754 18078 28395 46956 
287565 26347 1743 5517 5143 16214 4222 6247 
327009 59727 5415 16682 20026 28693 26661 15933 
322755 131909 17075 7731 46961 20309 26778 4624 
47437 27724 12836 12906 6431 72703 14800 9768 
332304 475928 76324 67893 22876 32522 8156 9075 
502661 127523 25028 17785 2141 8149 3990 1502 
708690 147262 26377 9770 10960 22707 35543 7692 
253955 249514 3603 30476 45424 32022 14770 8480 
898513 112689 82426 27995 31725 50929 12138 4685 
80455 18133 4553 4522 4180 9767 5141 2191 
29212 27367 8813 5456 9703 44619 18118 17683 
375928 36352 12290 25102 6695 33271 20063 14384 
461117 102305 5142 5879 24490 24090 22521 6807 
392048 63225 18869 21704 7529 18408 28747 14011 
462705 295916 14858 11317 9679 33262 9860 10760 
540020 233899 25884 6135 14339 31346 24058 21514 
269446 13023 4756 7323 3315 11678 4453 7019 
1271012 245220 67190 28826 24004 20410 18549 3702 
402365 54259 9779 11352 11102 8503 5718 2530 
610405 222142 52103 22494 16124 15085 28368 9112 
318628 115937 37243 6413 25889 32341 13278 6737 
1325592 278806 22571 19921 2315 49654 45252 8915 
124299 57479 36722 12334 12011 59041 26834 36338 
1671393 519710 32696 26080 11947 72452 28299 10055 
290727 75099 57467 24711 16293 52383 18402 5805 
763881 176995 27454 10655 23941 52186 15488 15278 
337294 41665 3725 18692 15206 48496 36587 13043 
576966 32180 18244 5372 22852 45638 30928 11124 
915898 583665 23938 10384 39187 25805 16679 35847 
274752 55900 15642 8498 6240 7775 11152 2334 
70253 14402 3905 2409 1692 7039 3919 2252 
536279 33175 5661 3654 1611 6766 8472 1019 
41453 27970 8138 9922 16773 18353 11469 8721 
18939 25375 10341 3560 31070 18004 7944 8662 
20863 28700 3997 5939 13023 28239 8260 19118 
28157 23025 5505 2683 14194 32622 11181 7571 
1942986 95724 13486 42267 33668 26345 17087 17626 
36673 77389 12078 5162 24630 62458 35452 16431 
15805 13105 11418 12578 24040 41604 22811 26073 
122484 129626 16757 46218 16395 23377 21552 3475 
168951 167749 63532 31589 42684 56708 15554 15925 
5596 29085 13261 4876 14480 32992 31153 3661 
525821 279199 16015 3704 20696 41305 8801 9367 
37994 14132 3015 1679 1985 6333 4682 1409 
22590 13406 6843 11252 4499 27217 12334 14101 
193222 19804 11983 9851 2399 4968 6462 1929 
15565 21391 5053 18075 15649 77450 21567 7287 
33662 28578 10240 4324 12781 32210 13848 7072 
664687 19399 30993 13692 6480 35097 15152 8159 
267585 67599 15325 5569 20219 33328 12466 4875 
45952 18891 18859 9794 13803 30668 22097 21809 
16276 5033 13896 15471 26281 28175 15326 6792 
73485 20016 3308 3762 2526 7565 4531 1766 
790167 177354 5003 8146 5308 34715 24437 9320 
123006 66391 12955 20160 9718 24377 20351 8582 
55564 14096 3668 6781 2343 4718 4492 714 
581383 43572 16016 14717 31493 25859 8897 6958 
77777 6684 1815 5621 2608 5061 3492 3190 
15977 21121 22155 6867 11526 34343 9361 6103 
42010 23427 2712 4161 12058 31328 13498 12477 
425239 8539 2729 3531 5103 5476 5574 807 
38378 11990 1344 20967 8287 11204 11468 4894 
204522 52578 2461 4057 3324 4922 1407 1756 
1196695 57931 9797 14082 12204 3477 1623 596 
1093768 308166 41761 13767 38436 5545 11346 5113 
2141144 377554 119508 55971 25971 32468 42275 43527 
1176747 144555 11029 12494 7153 4262 5330 2050 
603097 186000 7521 3653 9968 7678 6868 1225 
836732 70614 46264 22805 11731 10939 7685 1420 
70296 40127 1768 2878 3064 1438 1176 1371 
60298 14443 9786 1341 1041 1779 3256 518 
83398 63437 4741 15683 20533 62187 24763 36197 
236124 18322 2702 2262 7466 16047 6855 2178 
344038 31606 14354 16656 14856 30560 14218 12942 
353507 121839 36101 18105 18613 15681 28357 12586 
593934 42366 13556 3042 2692 8801 14215 1916 
637798 127244 28689 3065 9415 7316 11874 2824 
933350 33516 25928 26543 11020 16744 12794 4910 
152952 20827 23728 10659 16167 28123 9839 9523 
31558 45343 12515 3688 10111 16848 13661 6850 
547688 59450 4614 17388 13591 14849 11009 4140 
1477082 85042 47264 27706 18599 15038 22020 21119 
1310628 114817 73891 26590 29971 13601 27014 21516 
359649 114783 17956 34715 40881 13393 18033 9148 
30804 24457 19446 5900 8153 15603 32674 32447 
364765 86671 5080 11204 10217 18517 28076 22401 
377797 62943 15386 7608 12028 21317 11686 10709 
812784 119255 2797 9762 3161 6770 6274 6903 
224308 70231 6683 9234 11177 5262 15022 3318 
22226 10296 6490 17368 8778 26075 15755 16628 
303495 59780 5205 4371 20606 36262 21100 8827 
10760 20655 7950 14694 14005 18262 16509 11196 
155147 57433 1855 33015 17304 31719 13057 13651 
165419 72738 2342 13131 6065 2631 2732 572 
115014 30305 7089 5401 1343 6658 6253 1683 
111265 45942 7317 10178 3026 11992 3741 7435 
107762 95280 6125 7358 2288 18570 2791 1445 
61607 17971 5987 6222 5645 47932 15930 11634 
49845 16658 1967 803 10472 45956 13756 9819 
372524 44449 5834 3176 3135 8706 4947 2214 
112625 103788 17025 35112 16570 12962 18207 5157 
122239 12806 9732 2946 6056 8581 5858 3308 
117289 22235 11551 21995 17881 17564 14506 6598 
8841 9432 1453 8964 12932 39247 20971 11764 
638427 97811 34129 25978 27380 32799 16784 9518 
219473 15144 5143 1398 1302 1503 964 206 
464093 108506 107618 49809 8077 31160 23787 13139 
4227 31867 8277 4352 10780 20957 23481 20035 
125550 13318 4649 2630 13448 29842 7374 7420 
1277179 54051 16128 8571 25677 20313 17838 9580 
740416 22557 16804 3015 10895 24039 16817 11154 
21093 6673 26999 10759 12921 43818 17113 6794 
30429 9376 11443 2861 10723 20711 9504 34997 
141181 49533 72105 15336 10522 25324 18184 4842 
54870 8374 5251 987 3218 4943 3768 2415 
88031 13032 6554 35657 11195 25038 18285 11832 
78568 28403 2545 1750 2824 6979 5016 1964 
476367 63063 26035 31375 19562 32833 35943 11033 
1005263 514053 208851 20306 35511 20113 18081 9728 
2191753 176953 17189 32428 24609 14051 11696 7733 
77974 8164 2563 787 2157 1405 1328 571 
13787 7573 5442 15640 27242 32010 24214 21001 
886127 97125 44192 12054 13828 20083 16271 17010 
169296 156306 14804 18646 6798 35065 23666 17093 
47117 28383 20420 11846 31623 38339 24814 11159 
750623 276165 45235 34176 22683 27429 17186 9897 
528464 64370 24988 18265 7026 26083 27694 11225 
420148 59696 25175 36678 12623 18572 21216 11679 
138425 27582 30093 10313 15796 45443 27046 9299 
24502 94343 23831 4396 15071 49247 39035 6069 
502660 139712 17070 4598 8492 42497 18199 6179 
15799 25798 2797 17397 7388 36026 13635 6108 
103504 22731 2272 2326 4862 9449 5516 3179 
592296 109404 14638 9528 15784 29411 15301 19871 
855206 133389 44535 8590 7237 62874 11020 17354 
326315 55366 22237 7907 16339 38981 35341 35526 
2243117 216741 72468 24771 6638 24228 24102 7058 
198892 55303 16403 7480 27718 27427 25727 10635 
80441 55960 6164 4463 8290 9186 5182 3299 
223817 382910 22835 30943 15926 40880 20951 12287 
328127 55235 5481 13125 24616 17394 29261 7226 
575296 74255 12734 31281 10947 31133 41130 17689 
100328 63303 44290 14966 14745 46436 23091 10917 
157730 32356 514 2735 4717 5336 5260 3705 
13803 50664 2002 9121 7471 15291 23327 7267 
232439 41697 9567 6538 9331 12616 10740 5054 
29996 50454 11910 8884 8887 29856 8580 6117 
23442 23281 6078 8231 9476 16911 13207 6466 
52942 37026 17661 15508 9038 28595 22454 13826 
1492421 23330 25677 43905 20528 30005 11383 6622 
16319 28735 12376 29289 11047 16791 5468 10362 
121634 23647 9967 2094 2052 8408 1569 2653 
8104 19699 4030 4798 6618 16529 4897 14924 
135366 20779 8560 2635 4835 7661 1073 3403 
6766 23652 2618 3466 6187 43641 26300 13807 
4503 16607 1726 4657 13515 28598 13241 10020 
776434 68312 2645 25892 7542 30218 18759 9163 
332763 149345 13417 4650 24680 25540 16490 15459 
13254 16562 14134 27153 11497 20704 12984 14506 
112179 55281 15639 11598 14755 18200 19910 5908 
121402 97560 33422 14458 56807 51662 22823 7031 
167864 179077 4955 7293 21165 22999 15927 5605 
327096 146097 4948 20183 19796 32054 19987 10201 
1013137 150691 47721 45489 17003 57557 14797 7515 
131067 15577 2180 5447 3543 3680 3833 3829 
28077 10961 3502 25988 26440 26437 18572 8888 
591812 87383 3934 25229 8929 32015 54720 14436 
62162 19355 3845 3802 10473 22998 13019 20534 
234620 50659 9138 17794 11500 30010 20647 20593 
72574 77489 31303 23325 11477 46893 9544 12054 
769497 275880 16557 47131 16039 37367 30187 14923 
182756 12889 364 1442 2107 1434 470 903 
398306 58452 3809 19170 10507 18087 44562 7697 