17623 10179 777 1868 2868 1213 1414 507 
1757155 909269 95158 72456 158974 60834 76013 30813 
1683487 107390 60231 22169 31638 17985 13515 4771 
1210260 135208 7052 1903 12042 31744 13636 2359 
1273870 227258 24615 16035 10912 25096 11953 4563 
216082 67534 2862 9056 7571 7484 3163 1076 
927570 47751 31780 21285 46152 26976 18416 5254 
229774 118180 27450 11789 3952 10148 3614 469 
1638389 1018800 194096 103568 26026 71227 41896 4023 
1827636 452677 19572 56310 84964 110577 111299 11576 
631929 127575 42567 16694 13948 14691 9097 2312 
29774 26868 2319 4138 6417 4929 2555 650 
974636 251748 30201 16025 14315 23109 12598 2594 
1296534 219298 824 19385 9810 10684 8624 1159 
651491 1011769 74078 14825 103396 33980 28152 23029 
242030 93872 32185 5703 19014 18772 19201 3063 
1136175 56216 14344 15038 3853 15802 7122 1577 
583206 33436 12360 5476 4113 2396 2287 1596 
1183558 40934 4354 21650 21836 24688 5398 2380 
689803 64089 43246 16524 85766 23925 13335 1090 
924276 608722 56216 12323 49266 47899 42160 7444 
169338 139996 18902 6430 6347 9329 5917 3620 
718153 118383 2704 37537 20087 41864 5913 4217 
756837 140188 21938 4200 29187 22873 6768 4915 
1710633 734486 51162 23471 56972 56298 58516 5950 
2218457 276853 26860 111466 193214 107599 50191 10172 
663100 62136 12722 6911 8403 12131 8982 6036 
633350 184996 8290 19902 19905 10311 8553 3920 
265201 55241 1522 2247 6000 5746 2872 2034 
1331841 16581 1724 3192 5106 4662 5014 1854 
486208 16945 7429 8604 2670 6208 3522 1161 
1228919 61907 30353 11352 31459 12011 13214 6415 
936021 112038 8143 60898 25342 32089 11096 2842 
239723 22082 34993 38786 28138 19562 5665 4005 
872379 49813 54615 11012 36940 10258 14279 4501 
920883 25672 81223 18139 36518 23832 11632 3312 
271069 28096 24030 6111 4231 10971 3793 851 
1037481 76042 66198 14925 34961 28659 9402 2446 
1417137 55671 47770 14525 14111 12374 10217 2188 
1359003 505613 89092 113269 72096 90705 25053 12259 
682059 94302 14712 6772 13708 13570 15667 2456 
916898 205215 45427 42528 31103 22862 9312 1824 
796321 23256 10574 9022 8573 8944 1639 830 
868472 93152 6628 26458 9207 19195 12939 1945 
184109 173151 35287 6633 10497 17648 4812 3688 
2695481 216451 189224 140858 73991 138880 32690 13918 
697173 421182 41223 64520 65741 69252 60683 22919 
816443 52083 11298 14011 29022 10283 3150 6376 
402007 522184 97969 99245 34269 149570 26181 19631 
2135215 189381 16700 37282 159900 61819 51162 19189 
156109 122206 14760 11235 7818 19232 4080 2465 
1572989 642730 88239 37135 20764 120370 25407 19274 
1160176 95936 32120 14585 19710 31403 11905 1020 
36909 8617 3792 1265 646 2107 804 452 
500428 112619 39122 17722 21563 16418 3981 7295 
739109 137400 20775 31892 39359 37193 4249 2775 
488664 155744 14839 21596 41210 20011 9924 2531 
1440452 462107 236405 148296 147499 98826 48260 6091 
1054431 88339 39030 24760 29059 12049 8295 1753 
431461 28932 18350 2618 8373 14370 7022 5159 
519004 710336 13081 55945 119101 105633 23397 6870 
352765 83618 18648 20229 24382 6768 3875 3379 
489526 219179 11533 7782 33239 15087 9357 2797 
120441 17194 2196 3306 3657 3539 1591 550 
863447 230728 121426 81708 28118 60245 39567 6387 
2747410 208865 34146 24020 43505 36360 12836 2235 
1952490 211361 84905 22041 29876 22500 9369 2763 
1600087 75732 92590 24671 34573 17191 9319 3029 
142670 24286 2648 1037 3960 5275 2743 215 
977153 852801 87905 36153 52310 112328 55040 18368 
754882 168576 4970 36182 45930 20124 4228 2679 
1631993 904769 111432 90655 25534 73192 38332 9883 
45212 19008 7488 4243 3550 3559 2053 335 
627498 445130 47043 50048 106648 55990 32194 9410 
792254 60074 25171 9356 17966 11759 7433 2653 
1881012 234149 49343 159143 24484 78202 57512 12751 
524112 81258 34208 44106 16113 25938 10013 2497 
125616 40751 51544 41063 54325 22326 10297 2700 
153954 130113 12726 14937 8661 19069 15715 4026 
639215 144879 29279 18107 9435 15966 4071 5856 
1865617 783080 62458 79985 75082 65524 17216 4865 
306038 63948 35329 14498 14908 25179 6117 2742 
1957155 337955 349190 35216 68927 90482 42713 5829 
601750 11207 4783 709 11604 2122 715 610 
1160447 60938 32818 21479 20285 15627 7892 2280 
135567 20886 661 1881 7221 1932 1886 842 
162013 141990 23076 11273 24042 6529 5353 1208 
108613 152942 8833 20005 15479 10449 13560 2519 
674588 98369 22591 11592 27675 10632 8030 1682 
928976 13814 5097 10377 11727 21381 14604 1934 
39046 18812 2864 6914 1780 3706 1726 825 
586490 51283 6110 46396 27106 8956 11248 2406 
1044203 83850 13339 16194 17368 8066 7290 1746 
757405 77880 72537 13487 22272 31129 7454 3068 
1427688 72591 25118 12020 14267 11489 8064 3499 
1646796 72002 46944 47272 46398 19467 4638 2242 
1281671 81122 9145 7161 10285 21160 5365 2067 
859616 23136 18666 46865 7270 25938 3648 1791 
588332 45117 15847 25247 56463 22716 17124 2026 
733757 180183 260390 63655 106157 42045 29305 4316 
1287958 81341 15955 6851 19159 19494 6219 3212 
1498419 1507077 139818 42792 41586 44772 42342 11805 
722230 188859 17654 9979 14150 11118 2988 2049 
127315 38783 24154 15123 6945 10567 6025 912 
1435966 587583 34563 6291 29813 65201 44362 8202 
254723 28019 3075 21607 30130 17769 6599 2818 
56093 168443 5581 6415 5370 10356 2881 5413 
1851379 56410 8289 34381 29407 13414 1537 1117 
88322 27557 9701 4554 3724 3668 1760 647 
1756529 273300 34790 56812 24919 44948 13906 11145 
906412 74196 11483 10780 9826 16023 11529 1387 
1423853 172214 76514 89334 63750 159474 38536 20315 
481919 124594 14293 8652 19024 9130 1513 830 
430416 55238 23984 1296 17024 5601 8503 1862 
64388 5307 2753 1643 2115 1776 991 498 
288173 83047 2230 11103 21125 2512 2278 540 
1497272 272819 37533 30216 12862 20317 10437 3768 
1009927 295087 8852 30627 34127 24069 48282 7412 
619951 65192 9731 10624 16425 13794 5369 2539 
1651829 598609 87853 97716 101252 52936 24980 7387 
1915843 399901 9046 40977 67316 45896 23157 15071 
105926 17431 2017 5591 5796 4518 1660 385 
203759 92672 20102 122069 95003 143567 14326 11838 
175031 101356 11408 14228 9417 9253 6004 1204 
2168264 225073 71457 29432 21253 58753 15787 12712 
3478004 85304 88294 104090 48438 45673 32781 3912 
1621025 22326 40921 13164 4148 19366 10003 1153 
2052555 170783 64748 59632 37610 53639 24169 9472 
1721805 65807 53639 1227 18188 13787 3813 4382 
878776 532354 60528 97832 48680 34402 36264 4031 
1358010 260583 155965 93996 48856 100649 53734 5057 
269141 80102 5522 6508 12064 4665 913 459 
51242 9321 1004 5625 3904 5394 1486 277 
2114906 23595 1098 17182 13313 12985 6192 3854 
3359820 115202 11957 31416 22181 9992 4896 1360 
163968 110344 18247 9863 49479 10412 8926 3267 
93727 174287 8311 19041 21536 8172 9601 1425 
1925917 49703 14636 10168 23281 12637 2576 555 
352153 121566 1230 11255 7573 22007 4637 872 
1467380 68198 29214 3075 16367 18441 12645 604 
473001 23338 28221 2427 32572 14554 4139 1632 
102521 33137 479 7198 3136 2228 1495 309 
1507161 338703 92011 83174 67797 35784 25462 3992 
1271720 160342 164020 80623 74927 79916 11163 4557 
1031102 430203 94874 33920 53385 64272 13019 6282 
40136 16235 1393 2832 3745 1720 1101 439 
1733321 560463 212524 240667 210919 75662 39787 6290 
1557906 162721 20123 14290 20242 33376 6344 1348 
2635050 35255 31567 20616 19167 10131 5006 848 
292854 42883 3622 1215 11717 6747 2491 2662 
2954083 38286 38439 34866 19196 28255 12661 4895 
863929 249607 34897 56630 23178 14683 6494 1250 
1228570 100506 24859 7871 9753 10086 3456 3012 
675065 122769 37180 35320 6088 15831 9895 2701 
1361579 53244 31137 35528 4361 17350 18302 7006 
1828740 288618 5978 23098 44998 43810 21684 6922 
220030 99912 10269 19967 37176 27891 4977 3474 
959324 136825 36139 15643 46349 16276 19604 2110 
105118 18284 5641 4398 1973 4575 929 818 
561534 6277 5680 576 2823 3206 830 194 
1925236 121814 42682 26346 22198 10590 11430 5458 
2083812 248856 47605 36860 23320 48346 10905 12465 
2043226 72516 85360 49217 46879 91899 10058 7720 
1465636 880477 94618 41187 37374 25073 20420 19016 
1190577 146540 68342 25456 21329 42706 12900 7341 
1129739 135465 24743 15332 10295 7732 4502 1384 
619667 148889 14398 12696 14365 6919 6440 2295 
2176532 142823 7604 9776 9025 6013 4614 779 
468097 78549 1780 30198 9838 5143 3519 2116 
1810334 397449 27555 92355 54431 19667 20002 4524 
667377 31636 27191 5951 20003 8989 3948 1859 
269882 58460 25280 20801 9587 14562 5965 2616 
613450 304717 28775 40150 16321 7525 6854 3274 
823989 181156 81000 23198 107919 24297 17418 7044 
927633 225937 89922 63546 59696 36972 20249 6242 
524614 146955 49397 32441 17095 52236 21842 5496 
844171 267657 35219 94246 67568 21226 25908 5487 
1082581 321512 79966 35272 29352 58746 55336 6730 
240903 41711 4522 769 23464 8881 4156 2943 
879181 377545 70741 67231 94833 34063 28567 10984 
666228 52083 18959 21504 28683 9959 2095 1117 
987786 64376 31824 13542 9781 16766 4292 2191 
874992 50976 11969 12714 26938 13208 4752 4685 
1352216 173144 100220 91656 81158 69257 54476 12247 
2432483 555447 88305 194632 61050 83691 8503 6703 
91191 43983 8160 2867 4016 4692 2485 807 
25878 9431 609 2060 12339 3403 1496 568 
217650 46846 3834 8405 5864 3889 1365 866 
858517 23314 12049 1280 15815 18385 5014 2361 
780295 274968 108572 38353 95094 20438 20346 10324 
1264870 51354 13540 15807 9559 15281 8125 1828 
1406352 257298 44016 130883 100836 29559 10966 11353 
770404 815176 165335 99810 65060 47027 19505 3182 
225411 34258 7029 1457 5023 3008 2126 744 
792012 79769 18969 16212 56334 17983 31527 6026 
74532 10384 4639 5733 3632 3485 2376 777 
631746 72153 32021 34778 49211 7006 6583 2928 
1463097 55335 7077 30020 28893 16288 12857 1424 
1243942 67403 197139 47543 58382 110507 20406 9798 
230610 11171 3311 2289 14961 13626 3163 3690 
82851 16804 3377 6265 1555 1477 906 647 
879737 394498 97499 64839 85315 33500 26239 6494 
95633 61199 1047 8838 11959 6152 2423 914 
1390478 178362 41652 165258 94468 48128 32726 10666 
747311 117622 35276 200097 34862 110258 23298 10270 
399035 59724 10889 6475 12978 24238 10963 843 
1321667 316831 34288 89130 45126 71577 30333 8417 
884628 98263 11459 14924 16390 23027 15952 3222 
98890 6704 13602 3642 2202 2996 1003 330 
617745 415451 6631 5892 27643 11124 2565 1674 
444530 32377 50511 14897 8068 7785 5450 3754 
886000 52448 10776 9120 18822 19351 7080 2091 
329909 61121 26790 5392 8698 10814 4342 1536 
1521556 543741 10896 78774 147234 50121 22335 6104 
371387 37856 4975 6792 20372 18690 9563 2062 
60206 13327 3216 4746 5823 2952 2294 404 
1306432 184103 79544 29170 30384 21776 21018 2925 
811318 97844 6892 13090 6040 10462 9313 2834 
1679570 850927 59096 119006 132431 36257 19180 8600 
780158 84497 45668 4998 26260 20662 4071 2639 
400051 111268 6689 14984 27696 12439 6454 2528 
735941 53617 12216 4629 20666 12178 5296 4094 
451805 61796 61090 18646 21900 6131 3678 1322 
1775767 59786 63520 29762 42385 56797 4545 6340 
154368 76092 11256 18469 11634 4591 8343 1548 
479206 316994 116427 72465 64895 46382 16487 4468 
758209 129541 166045 22667 38142 33961 17768 2260 
507681 543158 39028 94790 73543 55700 24063 5941 
575168 66274 51223 22133 15644 17150 7085 711 
160156 78728 22481 4833 13510 11093 6405 1647 
2081308 370656 62092 14373 19821 82062 63411 10507 
68216 9269 8613 9183 2948 4590 1146 277 
14197 3629 3953 1224 4441 2478 1479 311 
1988459 210477 123363 75933 87218 72465 9925 6501 
601896 35734 10882 10364 24398 8145 6590 741 
1918825 347544 14143 158704 57911 53599 25048 6992 
1362680 250924 42688 55894 45980 71568 19727 5578 
418049 124379 23088 21837 3429 10785 6695 4581 
196584 699301 144138 41786 61842 39922 13346 3965 
2083162 88844 50634 174444 28995 41063 21199 10126 
131477 312403 91929 73401 96889 66180 20982 5545 
664751 272487 39381 47802 42455 51150 48558 19247 
233732 106675 13806 10595 25468 14203 8394 3039 
1260412 220986 40873 24827 83920 37592 11850 10340 
1398791 110995 11907 20508 20336 11149 13311 1951 
256791 57351 5626 5020 21502 8418 2994 1139 
968632 418785 26557 26380 23067 16912 8231 1266 
1252330 92608 14273 11663 5443 9571 4185 1047 
1106825 49558 6149 22680 9078 16419 2890 1411 
170302 54170 59556 25477 13165 15200 6728 1531 
1346241 372495 40499 35291 69348 64833 34052 4088 
953424 296723 112258 78085 43288 45914 41766 10628 
121911 64579 4913 22314 24459 24255 5738 1287 
1325686 639784 103544 48194 95163 31981 15882 7491 
347843 107447 9657 11457 15085 30136 5779 2480 
395594 228106 1639 21333 23221 24735 6270 1449 
829569 243013 10643 23480 71290 29341 21289 5365 
756032 62111 28596 91606 22002 50361 15754 18172 
770798 5655 1985 4854 3366 2852 888 1006 
470758 69041 4427 14886 5759 12276 6372 1643 
697758 73468 19977 15865 7787 10891 2200 2277 
528855 288005 22408 78580 35485 56075 19575 5750 
41496 7798 4478 2660 2429 1827 2163 214 
466369 21339 20054 17904 15547 10298 6784 573 
913589 115540 13601 8942 19267 7630 4476 1179 
641702 337201 22125 90671 106413 19443 9908 7926 
901372 183710 111651 46228 20677 22634 5944 3296 
1818640 249768 14478 21166 33794 44101 9871 3091 
114642 5573 1218 2651 6073 1920 1072 440 
2814529 213578 16376 19951 69404 71623 18535 9541 
764314 39463 17413 5167 15277 15970 4922 809 
409212 499862 211237 38017 54056 60930 6465 3787 
920227 8446 5157 3111 3811 2256 925 249 
262437 72594 6781 11180 14155 8994 1587 650 
1020429 344824 46833 14556 34269 75755 24612 2916 
309089 79702 28686 15370 15006 6240 6220 1057 
376934 43982 8647 6535 12754 3483 8585 3343 
564137 126825 17002 63820 89624 34331 11197 8383 
2644339 355787 237952 63068 30934 36258 20599 4941 
449069 281111 16594 26919 24808 10963 2314 2086 
1590640 189916 16383 42378 29258 42194 10072 4388 
1221875 119632 32273 21931 49727 37579 19509 6715 
668862 30820 7455 6666 9664 20311 1303 1358 
2406042 305122 25618 49878 81258 29917 6767 3613 
887724 57710 8820 5544 9528 11812 14608 1589 
1669061 506501 203219 27153 45068 68597 30482 7491 
1764192 17991 6025 7213 14713 10203 4731 1531 
1119345 195274 28514 21962 16790 14497 15552 2854 
17798 24978 3903 4037 3095 2608 1752 623 
250611 110981 17428 20602 13570 7147 7441 1887 
1032759 375224 74535 18047 94648 83390 24697 3852 
139639 151381 34043 31546 12067 9889 3139 2410 
313412 14350 5142 1673 1885 2197 1012 859 
1000677 98101 5741 39601 78251 21289 52011 2550 
1302895 176225 37698 74519 41362 36406 14002 5510 
692189 86066 8243 8614 20938 17392 2152 1330 
249451 69882 11986 21105 20696 9305 8765 1410 
1507597 14557 14697 5914 20845 18345 4498 1941 
608676 216748 27023 15195 30747 46050 19032 3651 
609526 43555 5814 16548 6083 17420 3980 1062 
384465 99651 3036 28883 10606 5047 1464 1784 
499648 52118 4587 9547 24668 9856 3502 1138 
1885686 62060 24062 7911 7215 9709 4936 1537 
740250 160473 36479 62872 60369 48499 19618 3177 
220322 24291 4893 1248 2543 4277 1459 202 
71205 7250 2571 7117 9646 760 1153 129 
641711 45617 82883 79307 43909 66183 20979 2048 
108385 23593 1725 1110 1752 3060 1558 596 
124740 9758 717 3769 3988 2211 572 248 
319226 36399 7939 19964 9223 6021 3883 1468 
30387 7484 3703 6704 3774 2356 697 321 
1017414 244718 140382 38041 63860 78869 9558 2127 
354408 85008 4778 18719 15584 11588 9041 978 
817933 379394 43906 8722 24718 28623 18003 2748 
792001 78757 157752 27240 53881 39777 19484 11610 
935902 33193 10485 26210 3297 9340 4832 561 
76740 17002 755 3087 1686 2866 970 175 
344798 61565 54915 22439 28754 8301 5007 3129 
883059 60882 12711 14858 20279 8081 2256 1025 
256366 28874 7271 12583 4004 10897 1622 1711 
2245289 156883 3753 63891 34108 35543 40713 12581 
71864 112413 18159 15992 7386 6817 2752 1204 
1000245 78007 29648 7519 5288 9848 7785 4667 
1025186 130079 3577 126321 92469 18116 20716 6263 
900871 423278 10509 73769 31352 78688 9806 2109 
1307121 69828 41238 47264 61368 39860 8422 3672 
2175035 149382 11654 27272 35427 34689 26128 5822 
131650 35356 28628 2555 8507 5628 4943 2203 
2409833 112088 24339 14011 38186 22116 33554 3106 
241826 72393 13233 18016 21198 4467 3234 1639 
1340052 122587 105242 69133 70005 20662 27637 3636 
566183 675500 20387 34566 9559 25247 14372 9496 
105562 58852 14938 9449 11233 6980 5172 2108 
62635 73718 2121 10167 17813 16486 3240 965 
286473 28440 6906 8870 8128 8732 6576 1514 
1107094 434311 44921 12820 20976 44713 11762 7467 
906111 822408 92830 52987 25742 40780 14823 2011 
1425910 118713 8162 4679 5990 10223 4644 2969 
1154928 160260 59375 52622 48370 39770 6667 4427 
482254 285143 38342 82868 70367 22300 19524 11826 
971833 296102 64671 41379 19604 24405 9761 8657 
180712 55301 34693 12589 6685 13159 3443 1123 
700560 33085 10084 12030 14141 13115 8517 1827 
508609 61799 89288 110378 135445 43332 14018 2532 
2727332 240660 30112 64361 117140 38714 7827 3173 
583387 59521 50144 3208 19171 7208 4638 847 
983741 135109 61215 23303 82722 26878 19629 6208 
874326 141850 32857 61344 81243 35343 10800 26760 
769880 327320 35922 17391 52368 29630 23568 4396 
568748 1080863 84879 40981 73469 15018 9147 3453 
616191 25979 2091 2493 8750 2236 1702 277 
788679 112271 3115 15234 39081 8059 19751 1861 
1262470 94620 24933 51432 61814 34740 11965 1675 
682265 130938 14642 72950 88795 26345 13417 5206 
901528 792777 96305 42718 39713 46131 16933 4842 
1467727 240725 42190 27611 30814 20636 24582 4033 
571926 45725 24254 15447 38313 10886 2854 1220 
1272690 71165 25589 33041 36003 56985 13054 4532 
608967 383863 38074 70573 48059 27214 12819 5189 
83760 5970 3427 1515 3579 1217 1213 565 