1097236 303334 74068 141681 30477 75094 86850 16168 
1310042 166050 102739 22551 33582 98075 82611 45768 
1310042 166050 102739 22551 33582 98075 82611 45768 
788474 232608 244035 127749 36630 54854 223515 27742 
643873 81780 49267 18801 14445 9186 22207 2358 
583780 12537 15071 12872 8432 15533 22810 5422 
453628 96016 18134 15887 23981 22527 15282 5573 
392339 33030 12716 24497 22820 18190 16644 8696 
481164 358323 208589 55639 51256 76766 26526 33469 
1343189 168173 10741 58190 114836 54221 106939 9284 
986373 374138 253476 119444 81818 35953 113946 56783 
1051922 77846 49630 37152 61258 60052 74150 18725 
2989813 643134 57339 17126 16895 112736 61246 19471 
1804612 259678 192630 31073 128379 47230 99489 26285 
1537390 298333 338289 20569 45019 289698 131730 43076 
2225446 217095 235833 52574 30588 58765 54719 22862 
1010753 823357 382882 145456 131458 107735 174099 16591 
536287 32091 19900 29387 3851 15912 13114 3520 
297809 71932 11207 19307 3825 9914 13197 3905 
385731 25368 24233 12439 6033 10732 7329 888 
577992 32176 10606 17212 8477 10069 30023 3430 
1429671 148273 31288 97272 37506 102452 40417 19405 
558669 162538 32695 30698 28104 65357 36674 15503 
1630426 90423 26622 36303 50641 55600 39462 32926 
2499929 901459 19315 62678 36240 29958 83673 22812 
858895 234647 175099 62241 61259 58151 35130 11728 
1037967 72766 11462 21678 9251 14781 16532 3524 
1350442 709846 483821 201822 132562 238530 257629 26434 
1746973 220365 13257 10294 32362 28597 22928 13421 
1376509 201041 24913 65536 45801 51294 22842 8566 
2289366 59035 108984 64272 36114 26151 31444 7299 
1638964 864707 997603 203730 174595 398350 191611 68182 
683150 91867 33098 21651 38302 60554 46048 15512 
1176598 44404 35168 74382 10873 29515 23764 16105 
744224 272140 258953 59014 122992 133898 53090 23684 
602599 43347 4886 15426 3050 7019 6402 5199 
330397 78493 25702 24018 11103 30665 21997 2383 
1634714 492577 744561 57136 183204 147017 142968 85345 
306784 54247 8798 9874 6541 19301 17079 6885 
148353 82124 15860 4271 4451 13652 8591 3018 
631111 11176 2469 1532 8941 6472 6460 1220 
407513 83267 70721 27979 23053 26642 33779 6245 
1219084 54781 34975 90958 11884 43580 37030 13626 
210593 52033 12405 14556 4948 10004 6140 1639 
1230669 141661 199992 32661 24558 246997 330051 14441 
401755 8606 2446 6588 6797 3167 1728 2030 
588352 1009231 158284 99703 40865 81777 76669 14018 
826256 1274803 118674 139270 171262 191001 183871 80623 
222263 56496 30293 7579 5537 14528 23968 6606 
1220769 132292 11094 29422 23072 66802 53898 12335 
2215028 1035375 46335 47275 19663 65165 62330 10546 
311153 242404 37681 5331 8526 65675 42633 13672 
1141342 45608 45835 4205 15012 16804 11155 3971 
664132 146472 86781 41991 60999 35215 11369 6805 
856071 37489 14197 5386 7062 20075 9524 2111 
167887 14028 5651 3037 2339 3695 1785 572 
957079 256942 16611 56536 28929 46083 23879 31827 
612754 28131 13348 9229 1595 12246 10899 2283 
100246 105838 13423 8596 5309 7802 6002 8250 
990236 289617 160318 31523 78173 130347 48812 35329 
865640 69838 27669 7670 9099 10974 21000 3087 
1966176 461957 30636 74366 12071 58387 68348 7498 
806612 151059 25967 20352 25366 49299 21409 5434 
1880329 386045 222346 38536 90139 103460 131569 42239 
1054047 441085 61438 29929 8846 21428 32861 5421 
859912 106199 121937 61083 65456 104686 65119 16923 
199020 87750 2603 15841 7825 10430 4436 2359 
1899153 1023214 24741 89824 31231 43328 35175 12178 
768043 32849 5243 962 9065 8476 2471 1277 
1344555 159007 74224 27540 34856 33302 16743 18072 
431121 152172 59490 176353 229533 67886 141392 34655 
326634 17036 1177 5333 5936 4902 1997 687 
1212099 102779 10563 20396 6842 23759 14539 4100 
234884 246076 47163 9003 11169 28223 18532 9581 
837261 246244 41344 13028 19178 20782 10484 6403 
1355728 38590 13941 17036 16253 8785 27333 3439 
1339956 73814 3959 9803 16540 19493 10852 3412 
1425478 300715 110692 118252 74966 47974 120198 26988 
423929 88076 16968 6141 21173 31819 48131 4160 
1262280 100205 47249 76332 3363 20714 14242 5907 
1035379 902061 401418 251767 200424 238887 105005 16191 
981152 59184 31327 77624 8862 25588 17338 6833 
712300 121243 10752 24833 36128 17995 13183 14345 
626860 715767 12171 5724 37336 47541 81910 14584 
329843 54180 6279 1782 6216 12248 6005 2430 
643200 70786 22795 1612 2276 6906 11656 2666 
1035020 305198 126215 63990 41166 117379 115410 27501 
1455243 403821 79198 31904 20559 40124 34143 11207 
318565 215443 19340 7433 17394 17343 30216 7265 
396850 65358 32706 10774 9569 35748 51789 2536 
1627788 422084 28266 20091 28142 32241 23216 5226 
188033 112850 4554 4283 6571 10883 8736 3225 
642187 379372 6373 19932 23189 25590 78772 38563 
262802 59056 15385 8345 3006 7809 14996 4148 
1401359 256082 356425 295087 74957 105919 46891 28586 
1149107 60272 44856 14111 39835 47625 61265 45030 
1065308 687256 72468 93075 65987 88054 51943 23943 
417624 206229 157277 46930 40889 58187 51801 13292 
73917 38920 16921 15821 3251 7241 2207 728 
87364 129908 76281 29280 20429 23639 6583 2534 
700879 42586 17121 7512 1927 9732 5113 2156 
1182778 114983 93284 79074 6714 12043 11509 6542 
1033234 450594 19515 30148 49339 48194 35815 14910 
1368872 279798 14265 45468 11884 50521 24192 11239 
1854540 378005 20660 67503 49973 64210 44821 15975 
942663 120742 35552 23369 10096 26175 9743 7837 
1164559 189696 101884 5094 14034 32316 50717 6315 
273057 165006 68556 14392 27489 64293 41526 13261 
134400 354273 95378 34219 24403 25403 38043 11066 
2388832 88450 58908 84042 40998 82635 23084 18869 
693676 73479 82433 26597 11668 22508 7111 2109 
1173821 139487 107168 62155 72918 34790 8112 15470 
201475 565236 109043 20890 23492 25847 16104 9136 
1096963 59614 25690 5016 9504 17709 14021 6632 
82356 20691 4583 6249 3664 9478 14009 2905 
3096188 1331771 411906 173171 221223 166921 243181 23661 
622707 72414 53354 20738 4864 24697 2686 3951 
1035669 27089 65759 14883 4098 6670 8351 2544 
1671556 341671 36432 17477 34044 45437 31698 10753 
305250 15495 4951 12836 3662 9943 15053 4161 
330840 264868 37274 59719 9215 25596 27834 6010 
826246 333561 129506 94157 24613 21332 19264 5072 
629275 92970 15588 9620 4320 5150 11997 1755 
943682 93641 11570 19043 13014 7999 6014 2595 
102225 60099 15600 10551 8511 4346 4314 2656 
112024 91565 18993 8788 9675 7014 9129 1511 
544567 61634 14043 13342 16009 11704 7197 6407 
1390324 332157 177856 29413 69683 32276 48869 26284 
89773 21673 4032 13608 2812 11448 7350 7851 
633104 459025 33547 112597 32519 60877 19839 5926 
1641306 676937 230057 67383 46690 62929 82750 22860 
940838 99988 25344 15033 6302 26605 42312 9832 
1800926 65696 47520 7031 27145 28224 20689 3513 
46079 33812 8538 7179 4217 9525 9207 4492 
543674 229848 89060 43126 13291 27545 49537 16341 
42106 26313 1552 1487 346 3428 1912 586 
450570 29411 4601 13936 7782 8886 6634 4323 
2032064 610946 168130 90035 62860 105426 80933 27729 
1274096 63111 6779 24480 40144 17764 6789 8542 
1323383 228780 28498 23325 17378 38866 89038 13796 
111526 73335 12456 16102 8326 7934 10200 2082 
1747184 137358 43455 8104 25810 54383 34310 8845 
1123616 42418 2296 12074 6597 14884 10281 5196 
583146 69983 13401 12573 6140 7328 19572 2638 
289168 23079 10942 16750 7625 25746 5201 4363 
399321 29378 13678 10458 6565 13834 11876 3830 
266363 247618 6568 24814 29744 44162 23007 28331 
408103 114214 1835 15790 10532 33184 19542 10114 
114043 195324 27561 9820 12440 18673 21696 2841 
401975 45673 24446 30448 7347 44289 48519 11861 
1325146 581810 27689 23415 14545 38930 11899 6364 
355066 42661 3921 20911 8916 5415 13015 2939 
429864 104380 34140 55970 15138 51645 33705 8939 
986955 60808 3147 36315 28136 32509 22162 11506 
366572 54376 6117 4515 3227 6315 4060 1406 
1488816 139783 32335 48147 23158 42217 17056 14472 
1226784 190995 28125 29166 26410 36526 44476 19815 
1484056 222328 33840 51314 12819 86723 62939 13442 
203822 34578 10480 2565 5315 15325 7468 8883 
173247 54297 17091 6341 9223 17961 28755 3641 
2424822 399379 46494 199686 61201 90747 172236 11864 
891615 699724 110328 26272 38110 36609 116758 8807 
285136 38230 13096 10420 1157 9045 13903 5379 
1072478 274276 24347 37005 15041 38736 17360 10389 
104416 37155 30482 9017 16440 30483 11391 4098 
2452772 256720 67530 79268 28144 34633 49665 17261 
1312427 825787 20937 43216 57800 62470 45397 28719 
449381 47568 2615 7233 10268 6741 3788 4379 
1953628 775848 13778 36885 67817 91832 55307 25578 
1616259 757431 62528 93300 74138 52401 43778 30190 
1235689 2094678 95143 9633 18533 103340 97088 13467 
1150549 87220 9624 32193 6066 22232 24945 13980 
1275192 1241529 161745 32702 53439 68582 116048 11959 
797859 54161 17082 12331 7712 22842 11469 9308 
646948 181195 19574 8326 6380 19592 7857 2805 
1124091 768325 86622 52755 14982 80002 51828 7572 
274861 197494 25966 25112 18590 42078 25535 6947 
1295071 249884 129189 62023 113647 86978 164308 10099 
1553209 172934 30042 9008 42195 51655 35768 8134 
1192570 336993 10530 50727 26340 70635 33857 7694 
262079 47418 24859 4070 1991 11613 8588 2277 
970018 1941318 433366 324274 88431 503928 224809 41730 
631314 131025 76908 35347 13751 33564 45085 9858 
1735301 342191 173150 66991 29022 94584 84287 15057 
799199 69885 9140 15413 4609 7674 10037 1887 
837271 131418 44826 19275 19251 24793 25680 20790 
106467 7361 1846 1140 1009 4224 2643 783 
1535701 159562 135503 79331 38080 89004 22354 24709 
705296 65754 25621 13103 12734 13070 9913 7857 
1415499 213243 5078 11150 8194 35052 34047 6688 
1074943 169874 56908 29863 17112 19575 15313 12558 
794225 34705 33865 9527 8629 15961 2818 4209 
236158 72825 39253 20249 14123 11714 5928 4002 
1603660 37304 5935 5427 5961 14741 15974 3081 
743866 17231 42871 9973 8330 11560 3424 2603 
435807 180549 37011 10734 32970 22607 7474 14247 
620333 138584 52258 26000 49647 59714 42794 11230 
3023824 775752 45919 60513 115441 161960 135924 20808 
906841 433521 10439 70154 42222 30793 80839 20166 
995611 911124 132367 45322 43187 237249 105029 98109 
1342687 497524 105873 40731 57551 64410 33753 8804 
2101167 210174 41228 4843 15049 8265 10555 7822 
756482 161179 35694 51992 4883 18060 10138 3817 
867761 739609 726564 116532 177236 327280 476052 33219 
469204 1054407 156756 264539 174058 178051 293073 179696 
822591 410905 623929 94923 202017 127336 233845 120561 
1307230 44534 19592 21972 9421 30875 55421 15537 
2650093 526160 130786 20625 25733 31881 49724 22054 
1681884 246567 33218 39842 13959 26395 29712 4156 
1047382 494708 95711 40649 22338 38281 56785 14105 
734907 442194 66928 132749 33395 33543 24672 10982 
1308931 259980 151664 68261 28788 30634 59401 32515 
1139282 309257 123781 47547 52718 26498 28010 20205 
685857 280235 1494 28769 16813 30370 22992 12846 
275712 18533 34623 2816 6224 3457 12546 1883 
871358 429884 28098 10019 30719 51956 41792 14779 
51614 91858 37162 8146 6033 8053 15589 3000 
961668 380718 23375 16794 37386 36152 45937 10784 
561738 70862 47503 12797 14767 19958 33649 7853 
1612601 416868 40307 63445 15060 36899 26916 11562 
2019058 512523 144716 297587 197603 56799 70800 41673 
380658 242985 20930 40720 50001 18176 21599 3258 
915508 20685 228 15927 2004 5854 12101 1140 
686757 211255 15027 16304 6965 33807 17473 13518 
674467 160153 76030 16569 6144 17797 22202 10293 
1582953 962496 164752 72116 51636 148095 68226 13231 
238552 158798 48811 13805 19965 30456 19265 18082 
969924 80729 72409 67959 46356 28158 15697 19184 
125711 40053 2064 7917 1721 2816 5488 936 
2111331 325831 39949 43272 34203 21023 44542 10286 
102265 75431 11790 9888 6394 10803 4726 2715 
735091 94036 15732 3108 27787 28163 10228 4113 
538781 14255 3823 4720 8522 7866 4545 801 
521172 85970 22529 51841 57942 15014 13329 4066 
1875633 1712753 370210 50931 109893 247611 97703 76894 
1114263 35370 40888 23383 4705 8520 12530 2001 
340906 66112 2995 12237 3734 10472 14336 735 
2127207 154486 59255 27264 6812 76564 30760 17642 
3333094 465604 100765 105827 127835 116108 157017 87034 
1108070 148180 45869 36328 26754 26829 17022 8033 
431931 79666 19135 1509 4043 11253 24042 3975 
1929861 1446442 113360 52152 195282 151303 321230 53283 
378032 368956 139717 59121 49229 44161 27065 9293 
804117 278389 12936 16047 6054 41351 32763 7755 
408577 10906 15903 13459 6045 9521 6212 1770 
1904457 95382 17261 29418 21177 22317 26552 5553 
1018960 118889 48621 19980 7182 54988 31376 4637 
1102233 18591 18614 14090 7126 9009 5284 2332 
474207 84187 157971 129189 90561 141938 49445 86115 
1002182 237028 68311 3787 25013 113643 61535 7935 
1448251 155646 85964 61658 41552 34502 76963 35221 
2113033 143556 35886 20453 31227 58328 25614 3192 
1276204 235842 20024 47140 15652 61608 31465 12420 
397777 178152 161765 57335 12387 58602 16022 19970 
248717 14065 10410 4307 3810 4576 6184 1192 
163501 21054 8432 4168 7584 13821 4138 2521 
294306 146471 11356 9758 21231 16130 17077 4622 
1047226 71033 31480 10237 13162 10187 23041 9402 
97452 9394 12613 6302 586 3339 2317 969 
468056 102767 14434 52852 22510 34307 31866 11061 
954731 83796 5524 43460 25933 32990 9935 4973 
1300084 157860 59864 12154 16426 20228 26710 6181 
758815 70449 46977 54763 30407 168128 71847 24420 
787988 29555 7544 16768 6265 5591 4408 1507 
1265208 215004 50103 33282 40714 36333 51442 14104 
188097 15121 7171 13509 2682 7852 18677 2286 
157048 61747 10474 13304 8693 9828 32785 2870 
621485 30039 20488 3890 5599 7562 18078 3952 
422458 212539 12845 11087 24558 12081 10962 3303 
67241 16963 841 3668 1575 4958 2070 840 
1060125 399631 10796 8273 4496 20130 18101 5601 
712730 135411 43574 81969 6297 22839 64797 8917 
543295 163701 51981 9448 29008 41263 40373 18471 
1983625 765802 44131 53428 47117 47349 47250 130280 
953416 114551 113088 221139 38651 87082 87534 34166 
2691041 719172 160855 103198 65595 79125 53085 35691 
844009 140005 12127 16372 8654 8235 22899 4762 
63947 9080 2570 2130 987 4893 1527 753 
1135461 296407 254525 77202 196640 147877 92706 21981 
383724 38720 4095 3345 5636 10513 6243 3385 
1050313 368743 85303 33983 26347 39797 88874 18428 
87451 72636 9415 62945 19107 100523 21347 4721 
1238620 45408 25495 26333 20523 75648 44984 7299 
394099 52838 27477 16182 18816 61501 17046 1794 
396573 159939 36005 31298 54069 117325 58544 8599 
1075446 95809 22064 42685 24031 39788 25289 5275 
1020208 1215410 376122 215985 47915 99634 116007 72940 
1622988 630720 5345 66143 88497 65382 61147 14501 
770832 61098 22773 25177 21703 17592 17584 5395 
943930 220634 61850 20075 18566 17512 17080 2273 
1695711 39054 4610 6418 7031 29789 14410 7195 
446053 15580 40250 4840 3461 17060 11433 2410 
1333996 146492 9872 39852 21724 14825 9948 4676 
603576 554859 47013 14244 31048 29361 23433 6494 
844224 100083 20207 11882 19327 10561 9996 7726 
804659 70982 8624 4845 5822 4475 3607 4494 
99597 43264 13456 9936 36585 66316 11554 4555 
1207080 242696 11377 7178 2856 27036 24553 6616 
1878109 41869 39648 9885 6579 31028 8640 2749 
876924 315448 25521 76938 87799 53261 38845 4531 
2742270 85147 12567 13419 8521 27763 9170 2785 
180027 32475 15055 14469 8724 4974 16902 1341 
1090778 271177 26087 27299 12865 46649 39566 10311 
1374417 23243 7961 6025 8006 7632 6068 2345 
591610 496764 57968 12377 29375 91252 50872 21241 
971112 364803 294347 75782 35411 59553 98919 44571 
1262014 275466 31799 53377 24093 17841 12474 4530 
113057 32196 4597 18127 1928 7972 6071 1049 
718666 36024 7736 6980 7740 2411 4676 1780 
653985 272940 77110 39848 76118 54889 44772 22663 
972049 1184075 95486 61570 100943 109579 100613 35806 
76160 7415 1816 2093 1584 865 1408 464 
363214 40972 3723 9508 8582 8994 7810 1291 
66892 29692 1281 9166 39455 87344 57047 32623 
681209 821239 164433 33721 84073 78798 90035 21937 
1045575 67436 22126 5389 4105 11351 5007 3096 
494136 53804 3434 5880 5509 19561 7107 1326 
134450 16913 5575 5716 2897 3797 6678 1396 
1445357 14789 11456 9206 6691 12120 13963 4333 
420661 288416 16167 81276 43243 42489 25493 5987 
150130 43886 1954 1263 3806 3936 3685 632 
1452334 524792 158356 78871 36717 85109 88907 20368 
228708 40579 10163 15964 5497 14935 22927 9457 
334937 36256 23092 18653 6078 26686 13163 4846 
328626 9195 8047 4277 6079 3594 1417 551 
1759336 107996 38253 18488 11761 18805 10025 6090 
1317171 198018 85690 160350 35897 78565 64103 16167 
1697821 222511 47578 33785 30091 49096 28762 10954 
148030 12455 2320 10104 7964 10350 15596 1459 
363854 87009 29634 508 3515 19630 13977 2350 
252925 543529 122845 30511 23264 37284 19515 5930 
2240902 30088 26956 23564 59651 28870 16493 21804 
80718 6029 3176 5541 5148 4556 3995 2395 
38055 21680 35168 28217 24335 9831 12006 17803 
165957 104726 34069 20654 34759 31654 24211 9342 
111589 85363 5647 9983 22273 27157 10998 6542 
207051 10602 7775 14244 6411 8358 6480 657 
829471 59077 29592 5384 4407 7175 10420 7150 
608508 102539 29624 27881 11490 19338 19568 2179 
269409 25437 3603 3942 2132 1115 7362 782 
854796 75687 19366 90831 62793 175231 65844 23633 
756025 220504 18952 10194 10125 10986 15404 7850 
437991 13793 2468 2074 2354 1598 2989 585 
819975 80072 3069 20241 14510 14767 49366 5099 
1483275 232228 65543 4166 12015 35811 46722 7071 
2788570 563531 75960 24690 29554 55035 46293 15988 
406476 84800 8252 6038 899 2882 14945 3691 
234100 49921 118581 23534 9037 11790 6132 2210 
2652440 208547 3532 37622 7275 15803 11201 10923 
258544 176361 53958 20594 105825 83667 55535 47503 
812848 78493 34051 21123 12390 33338 16057 5147 
283251 30009 7618 3723 5003 8579 10339 2341 
621489 648033 53680 45984 64909 80911 27508 11316 
236461 97897 22914 10768 9402 11119 3662 2836 
1088501 190461 81407 200285 21591 60382 49921 16252 
365351 351092 29450 89886 30195 68601 106467 10428 
125320 60307 2428 4310 8562 4118 6721 3862 
441568 25263 12585 4838 5967 5929 3314 3374 
416970 84152 80075 24313 35265 68023 79084 23826 
31323 37771 24273 36643 44975 42949 18275 6573 