144119 33998 25935 10369 4679 9658 2771 2666 
1387713 349715 72241 58304 87390 26056 49753 17906 
1387713 349715 72241 58304 87390 26056 49753 17906 
1021804 341875 11808 70731 28620 50083 34148 14566 
2078063 618682 9929 41663 75250 18285 18118 8186 
1516817 172604 92268 35028 55813 42360 51311 17848 
1679975 358448 16412 37759 16374 28671 31484 10329 
92338 16491 5818 2983 983 2680 1981 551 
957185 218185 907 18564 6029 7222 7086 2556 
2256325 186284 28066 25330 16408 21136 53830 16433 
622437 136917 4643 11874 6654 8218 5087 2188 
796608 29361 11453 18645 22675 8863 11853 7930 
173164 32281 10020 9053 3437 7246 3795 2472 
483626 396855 47360 23580 35685 40749 24484 12647 
346758 47227 13154 6381 8774 9605 6170 2342 
1259211 217748 61442 36919 35499 11791 9965 7112 
1643617 131195 56953 83056 56304 24073 9611 4106 
733995 23476 2489 9323 3987 11006 7367 3859 
1228764 272650 104754 31328 19728 34605 29267 6890 
29206 10881 1172 902 3135 2493 1383 169 
709127 40305 40397 25638 66473 18677 9184 12206 
460033 11386 21924 7468 13234 5345 5692 2140 
1203445 57531 2263 5832 4556 5999 6319 1700 
1557234 26652 5468 9481 5679 7995 4270 4029 
1692497 370813 30308 18830 34726 33123 11576 9030 
119597 22059 5345 3627 1325 4031 939 466 
140548 23167 19186 5387 19879 6706 7534 777 
217203 165102 42503 16338 7683 8222 6578 541 
1434181 117744 4749 16515 13417 6392 8221 2074 
1619100 167641 39306 28597 50344 28672 17785 20002 
179783 57898 19517 5794 10407 7428 4674 1733 
1041471 74401 20966 17228 44320 39657 10703 5047 
802787 45642 6783 22316 4876 4642 1501 5418 
476619 281230 120019 76901 40628 26706 25342 3906 
966775 63810 25815 7645 6443 6930 5688 2472 
1220980 167744 42547 34207 17272 46338 18680 7778 
1578331 133722 11219 37798 17415 35665 22599 9903 
191771 492150 10400 51987 21203 16753 27445 6050 
165761 20192 27002 4270 5235 9038 3454 2252 
149643 43592 4010 4720 1960 3010 3948 2590 
715072 70430 4179 4470 11684 6416 4467 1247 
326144 175495 19221 35422 63576 13226 30080 6928 
624472 123178 65716 177774 29011 34433 29291 7380 
701392 143700 21156 20471 37736 26465 31483 9770 
2630694 65306 8827 25155 40674 37918 14903 12278 
309580 53720 9891 5242 11873 12471 1879 5653 
71257 8235 10598 4289 5253 8668 7484 1329 
265156 442756 71176 25865 18629 61969 14673 10283 
513084 805468 38764 11133 36167 23607 10990 14783 
217400 43993 10343 2006 3930 14573 5428 5084 
394741 146182 8677 5672 7795 7538 5608 2948 
1003213 12331 6507 2346 4522 6206 7631 3012 
77214 180090 14078 5396 8087 6000 5530 1362 
42782 36115 12881 7099 7168 10861 8314 3830 
753211 156578 112902 56836 39815 37120 34175 5688 
46808 22453 143 3762 682 5460 872 268 
661536 550317 68732 13556 21300 26446 8315 7697 
90181 44279 9292 12443 23053 3834 5728 972 
89977 23727 16010 11048 7412 5447 7483 1627 
381420 6821 12660 8674 11043 5723 5651 4381 
705612 403714 76911 21489 75066 34521 22944 14188 
979172 233193 5886 15271 7243 8010 2385 1325 
163842 42594 27734 50814 25045 22261 33996 9341 
249295 97495 61443 83391 19369 34390 23560 23123 
381668 151671 126180 9967 30600 35667 20856 13469 
185833 309630 46828 8763 37722 35047 18847 6938 
564056 295534 59328 21787 16591 12815 17138 4609 
115463 43656 17323 50669 47297 18170 15043 9557 
1424301 134750 56704 77427 27934 31379 15323 9281 
237657 1740 15541 5993 7207 6040 3567 1115 
304715 67243 2179 9902 2914 5564 3594 1179 
221358 25370 5437 9436 5937 7818 2907 1401 
621929 170251 54011 30947 29630 51260 12698 5347 
510470 581712 29568 32101 61508 25961 22593 14217 
655081 25862 6069 10658 9738 4977 2853 1038 
807932 131734 3976 14918 8254 7814 4276 1872 
1473983 54069 19978 3361 6426 11799 8654 1150 
61880 39532 29480 28869 11827 27313 9810 10843 
96507 141566 172691 75697 32279 45086 5425 3468 
254510 25752 9133 4702 11418 4335 2318 5726 
98266 89808 11908 9599 7983 4374 1681 1415 
95415 106284 8102 40556 13599 21231 9166 5804 
68847 12798 16907 9823 2315 4992 5633 1092 
735699 233716 21130 44141 16550 19359 25239 17206 
867169 189181 39891 32933 23067 13601 16157 7272 
176122 177042 15943 36760 18692 53081 17549 2462 
133406 43579 27617 18431 8413 17637 6302 4415 
490656 237616 101541 57537 67832 29122 10458 6120 
90398 137093 13720 6301 13937 7131 7164 806 
110899 28824 2445 924 3237 2030 2874 1323 
170606 21693 5225 8215 9003 11538 5448 4654 
866480 280127 73856 28483 38716 28617 22203 6123 
2099539 380136 69827 40163 52164 22157 31997 14356 
635419 488523 55898 20669 12322 28026 23164 18648 
159730 48537 6807 12867 5336 7325 2437 1877 
1195089 66138 34136 47696 12317 33152 24782 8934 
221701 94786 42709 9090 6044 10676 6530 5042 
111384 7728 921 1273 1479 2784 1520 535 
1966871 340828 143883 109502 86662 36271 15451 10124 
1324941 27590 8852 4514 3171 12588 7290 5027 
694482 85422 26421 45978 35049 21797 13338 11711 
915564 126673 32730 25886 33804 29218 20452 28924 
619299 78114 18882 42869 30788 28884 21297 7154 
757511 24298 4941 9139 6516 3885 2603 1876 
93345 27387 19151 7232 8834 2633 2717 1180 
414236 34553 19918 4073 9267 11410 6316 1939 
62528 168872 48503 117907 39990 13138 10301 6090 
1455875 411160 77333 62520 41913 62420 49332 9614 
223493 13699 12157 5380 5296 8850 8568 4368 
1090109 843954 36579 42377 26938 17878 16804 4892 
34947 28936 1654 1362 2380 1587 1414 888 
124374 61626 5664 76941 28344 12303 35960 13920 
1333199 184509 102366 38209 23780 24818 19642 21265 
144788 21773 12632 19115 4472 4389 3946 3448 
1544711 191680 9268 13541 34755 42013 29169 4258 
85928 106672 19778 15668 28581 20313 12650 8750 
1080014 284412 35598 52516 33986 33691 12923 22344 
228434 15596 4751 786 2664 2269 716 640 
632128 68207 11477 6101 5042 8611 4685 1990 
1525198 583414 57655 25801 26665 23205 24122 14134 
37589 8049 1871 2158 1030 1330 1082 222 
923966 630778 7707 30813 44242 29036 24847 7489 
352252 261522 26749 41718 43856 34121 25024 13493 
1145943 89452 4372 13307 18862 8763 2317 4089 
208311 46588 14144 6802 12051 6908 5569 1508 
63089 8091 1570 1553 4329 1646 424 311 
431075 85137 42562 10767 34567 39491 26316 3337 
265805 85027 2376 6337 16815 4067 4042 2905 
851729 281119 15321 23395 9248 14853 13930 6174 
1183973 134767 42810 4928 18346 22846 20528 12010 
132144 12501 22784 36037 5970 5148 8562 3685 
794545 78276 3010 30449 21681 9982 3666 763 
140987 26412 7651 5692 1517 13261 3896 3020 
255908 73493 5116 10275 8434 14121 4712 3225 
360085 13524 2668 4480 2664 2466 874 548 
180948 15669 2096 19159 9534 6259 8045 1703 
1240426 349455 76300 32252 56412 37739 23279 40714 
1892940 367295 41365 33194 30013 37377 38106 3950 
696524 145894 5835 4497 7794 40010 16204 23228 
369972 54545 37767 29141 10038 26753 20608 4406 
753206 518563 38515 55017 12509 36640 17490 10181 
596984 53275 19369 16877 29003 17973 15574 16419 
207519 9828 19541 6499 8237 4905 3602 2602 
63042 45543 3437 7704 8627 11124 7892 1519 
923924 492332 20617 29664 29118 46676 25743 15602 
172096 4509 17213 1440 4744 9992 3064 3872 
98228 25923 4063 5088 4279 5144 4428 2010 
776239 276766 85484 10853 18623 41208 22768 15931 
93949 20732 6948 5515 7922 4137 4007 2635 
112852 32532 21840 4822 7121 8746 4282 1928 
567435 77195 26732 25920 26414 21056 17436 9747 
479684 309201 21854 20619 21720 21048 25135 8866 
1232999 60271 27963 8495 38328 17354 21132 20738 
545067 95793 35863 25921 8464 22328 12667 7310 
268191 52091 2067 3519 5842 2694 1480 631 
730794 470848 81671 77029 57845 79163 23065 21926 
1217392 127146 21250 31572 16902 44755 14196 3139 
57591 33491 3735 4451 5945 8851 3021 2337 
748948 395019 33347 18394 35925 24865 17316 19196 
318065 32111 5213 3823 4266 9337 2280 3172 
974189 42068 13832 15225 30133 22311 20188 8209 
175032 51194 53451 103371 50138 19922 16303 7456 
499032 33560 81731 3970 26396 22844 14417 17991 
51998 31195 5730 2268 459 2702 945 555 
211543 57818 796 3289 5881 5539 5741 3221 
507760 31772 34878 73638 23660 18040 45134 17283 
2788362 144335 35639 32904 23880 30058 12694 6159 
762574 190932 38361 12743 21188 21978 21665 6773 
204487 29087 2315 1519 5248 2147 666 653 
3410105 124147 52767 20944 35718 18519 19581 4154 
641118 206796 43627 88312 13336 24433 18012 4275 
410227 65872 9212 11350 6928 6304 5006 2749 
382486 23361 13479 37462 13223 32567 33348 14805 
258764 88363 23988 14116 8277 12420 4950 3274 
133803 16252 10897 8402 21385 58934 18517 9032 
657100 15809 44910 8667 6090 9835 2921 3595 
130225 42355 6195 10109 27534 27322 23693 10589 
547889 38656 67336 11970 13202 28966 21967 7638 
177964 7817 3403 4191 864 1524 777 374 
128606 29549 8630 5958 5925 4512 8819 2757 
135070 21336 7399 4013 13517 12447 3391 1253 
230868 70271 20574 4702 2905 15025 7649 1731 
1085232 289106 25308 9123 28146 32993 21992 5709 
660535 77626 4538 7875 14353 36067 26064 29218 
158700 10871 5937 1225 498 4888 8556 1190 
204315 68572 7294 4273 7461 6307 8848 3280 
282839 8897 49795 13978 12207 34650 15638 5932 
992781 210481 141726 13815 21914 37745 14708 23562 
36774 56561 7451 5029 4282 11207 4596 1188 
173118 28219 2101 3571 5071 8333 9716 2634 
228078 39711 5472 4635 18340 7922 4546 3082 
1961202 56556 17572 10984 29159 10590 3236 3348 
255656 114037 9307 9674 7535 3186 3848 1742 
176872 43820 18299 5902 8903 7004 4031 2661 
1753198 147830 43413 10530 6445 10355 10599 3450 
967758 764929 158220 102519 31098 41441 28652 12232 
1772484 44954 9855 19206 4684 9708 5970 1367 
793332 73052 22726 9912 22843 23847 22520 13783 
43666 52790 9888 25665 55505 18259 16460 4520 
6778 9678 2063 8223 19920 40931 47814 8417 
172617 25269 2583 6201 2426 6443 5050 1871 
672725 46858 16425 26856 45397 106669 11098 19198 
453940 252208 17626 10333 12959 7252 2275 2950 
559341 106250 92487 30752 17901 21840 11020 7575 
117087 82048 5192 3968 5507 4406 4416 1249 
383806 79201 3756 5803 6839 3210 5937 1161 
942742 1029126 88900 44151 15934 38330 16618 2624 
1902798 715916 125674 9402 73268 34220 17316 4370 
57602 24518 25590 3152 62743 24283 23333 10323 
56974 12669 16581 17085 14232 21119 16471 4794 
692809 183774 84193 14722 18969 14619 18134 12347 
730846 63084 5274 17575 20988 16500 22111 13848 
561055 46837 6943 6701 40906 28666 11950 7745 
177190 80329 22607 16435 19322 42503 31176 4995 
527157 56193 18377 23737 13120 20015 21943 6831 
269108 51997 4029 2103 5700 8403 4682 2242 
1707646 98045 1586 10621 29788 40004 18221 3934 
1886255 163794 28933 22922 20888 34023 30038 14960 
567068 72652 18211 9023 7852 10251 4397 792 
213660 38158 72863 36499 33930 14188 20810 15183 
589783 28729 15261 2720 6702 5704 2712 1707 
372167 35576 23836 3661 3324 7466 13445 1985 
715659 132554 25341 19360 38580 52640 15646 8511 
484833 177945 6851 18501 42443 15449 9850 19772 
90970 10544 431 1228 619 2479 1026 424 
616071 100856 69216 56294 26548 10540 24903 4108 
2658142 107055 45505 45411 10697 57129 16717 12187 
780144 299622 27980 25044 14894 34266 12180 3049 
193873 212683 83641 16231 12588 22959 29030 3766 
498901 32189 2067 4497 3157 3394 6586 2982 
889709 144082 40032 33690 36732 24902 26989 6628 
273091 92227 24334 8051 15863 12690 3879 3287 
422421 98069 4646 17610 20015 73074 19524 12042 
205168 129132 14969 15942 26190 16992 14001 14510 
147105 31865 6289 4805 6069 5842 8201 2724 
475352 24147 3583 4456 13076 4721 2972 1223 
15500 97040 30115 19055 12158 20590 15966 5263 
231176 186430 33691 45257 59330 20689 14106 5611 
118261 90189 60346 33148 34283 15534 20196 4515 
1274821 75269 17090 20990 21351 19087 11748 4162 
1460438 80013 16818 11882 10905 8126 4398 2432 
367248 25875 54549 8826 19143 26731 18852 16162 
847869 73347 27814 35477 34745 45137 13623 30167 
363236 56094 9363 3447 12127 10367 6121 1783 
322438 48929 25874 8030 10024 6332 11420 3075 
75899 16228 2695 2121 949 1487 2798 425 
889075 97957 97227 36510 34887 29945 10202 7868 
145789 61772 3613 10100 53997 15750 11872 6724 
111264 34481 4329 6224 3211 4703 7200 2827 
184155 12030 3353 6233 5719 5437 5522 1599 
165348 82667 13695 3923 7862 4108 3350 2944 
187331 30229 2753 6567 11980 4355 8380 2001 
656895 66593 28409 20079 6961 23523 18956 17595 
18072 23975 50534 30999 19449 18451 15015 9237 
376067 232767 20561 21605 11403 40548 17121 6201 
151637 159922 99955 20917 23620 17186 33429 11404 
131959 2458 992 789 3813 2751 1693 735 
577296 66259 29133 21186 8027 41183 35828 9932 
97484 92800 19258 4911 12080 6400 3867 1334 
118431 16574 10217 3638 4686 4491 6240 1315 
36510 61532 37381 13696 18961 5643 5735 1413 
99421 11656 1976 1821 3807 6050 4328 741 
210966 167483 28015 12272 23466 14364 13918 4538 
162392 49248 9674 17539 12539 30233 17971 3475 
92683 9332 7176 2249 9238 7300 4603 1458 
23456 20635 4230 3305 8149 7495 2821 3040 
152952 33641 8330 6257 7096 9887 7402 2151 
13363 58241 7883 338 10396 5838 2576 2411 
11882 41021 53054 14614 14630 16657 23742 4906 
243674 79613 32978 20144 16632 18838 25759 19641 
30914 70022 61106 2175 36768 20466 16772 8377 
43469 60298 29079 18251 41049 27332 15555 1804 
119935 12116 4181 6320 5476 8355 6020 2987 
43697 68801 29243 85964 15047 14957 10186 4159 
265864 93788 85621 23026 31037 27393 24463 11985 
63457 46575 3948 3973 5065 7792 5063 2612 
221314 29820 12709 14299 4570 2026 4092 1636 
160366 126699 12522 13265 27984 19882 11907 16016 
526089 57593 30108 27871 33981 54073 5506 9525 
50243 56581 18255 21379 21489 17048 19498 9822 
32852 5917 14022 3350 6805 3027 8083 1304 
208009 64409 17445 7291 49593 11378 22441 2886 
134065 29080 54592 19313 40267 73878 52139 6324 
235494 14978 3835 1763 6282 4515 984 1270 
26394 13939 36573 13773 12363 19663 15213 3157 
598351 213322 40340 43791 7722 19040 15562 1690 
49669 24336 166721 21791 40949 14074 15503 5505 
58387 6465 3906 9814 3105 4317 3232 1817 
110493 57409 1711 7595 9507 10709 2837 1874 
738389 227248 89520 72989 29605 22342 12278 2883 
1966641 136913 21280 13380 10773 7745 6516 1358 
1021357 8054 8420 19005 61714 10475 14230 5194 
12213 10888 5507 12046 15826 23713 16557 5946 
851576 219103 165880 35284 108902 18913 11200 8604 
833204 31130 22779 4463 16150 29526 15353 2238 
940281 48191 17379 8920 4015 5377 2892 651 
554997 57848 12600 22221 19691 13472 13605 6165 
86372 6478 2480 3762 2465 3432 3294 2088 
21494 19084 34011 11732 7775 20578 9461 5660 
5408 12892 58324 25669 18412 11846 13080 6521 
348746 66934 3941 6792 2625 2171 2633 1200 
1729594 226667 12038 8354 10921 9867 2744 2320 
150288 112235 74570 21938 41957 18071 8893 7232 
46578 16039 9785 9527 13422 11209 2761 1573 
636580 22603 17801 6937 7451 9322 5277 2319 
241706 26164 4829 4303 10491 6219 6050 1917 
117029 16145 3696 6363 1954 15668 5466 3146 
71408 70103 10352 6565 7321 7069 2982 1940 
1395523 182414 38929 21609 33957 23147 15755 8619 
60261 21547 2434 3476 8406 6833 2558 1588 
60368 8322 7008 4084 5751 8048 7190 3072 
436109 118155 7833 9484 4413 8481 2534 3039 
378177 21240 6175 8134 2230 6114 7821 831 
192170 40585 12922 5205 8707 4680 6612 1138 
26297 29157 1055 3835 3724 5932 2856 1611 
212466 180801 13304 3011 11183 6420 3357 1717 
461208 338077 61054 7156 34530 39892 17695 12485 
1859220 29173 12822 25455 18477 13216 3840 2369 
950649 55706 15168 4930 6584 6892 1938 1002 
538865 108185 49431 15875 11248 6127 7588 3577 
36903 16526 2960 1274 5761 6615 3735 3923 
228537 48776 5862 9777 6042 4473 5967 1247 
20485 29112 27939 9766 14065 23573 5276 3802 
11338 29154 94207 17095 27598 5032 5450 5301 
429479 55974 89516 13785 31754 17559 3808 11914 
1186834 225462 80193 17544 14550 15804 19036 4735 
325845 10269 515 3567 2796 4027 4430 5285 
842064 7954 34334 4967 35451 63139 16618 2069 
21227 22155 7782 2199 12824 24005 22095 3977 
203042 163660 21027 4393 5239 18666 7788 5467 
137140 4650 1150 595 1658 1575 1086 617 
78170 30264 6121 2870 8546 13079 11778 745 
411048 450842 36998 29020 19801 31100 17515 6817 
1307403 285420 54197 14409 46011 18954 15075 6739 
52774 24227 52418 7984 12921 13610 8503 7209 
186615 84284 31791 8671 19117 19677 16209 6781 
198847 12003 4187 6873 11185 2333 3698 2132 
2286156 417067 3693 33957 15389 21105 18159 3769 
319708 94190 13226 12934 10853 11220 4383 872 
767706 202135 59066 26171 13024 23632 25566 7490 
48207 28211 5153 7040 3669 4770 5540 703 
102601 171713 2218 15553 24633 43126 12080 10866 
358836 26795 12562 5296 6531 6104 7202 7014 
423477 18476 3600 7629 1435 3189 1647 1110 
556259 88600 11464 4929 9582 7939 3184 2483 
217435 42708 79069 5932 16297 19175 31292 15228 
151012 13939 1806 12185 5121 12279 6000 1216 
261974 17373 1626 1474 1757 2945 2019 573 
102438 90026 1395 4940 10550 4882 4710 1101 
111119 20345 1687 4306 1197 4922 4269 1192 
152573 51161 13062 2527 3470 6345 6123 1118 
2510440 46231 52309 13088 25158 13839 13595 18618 
67451 13212 4830 3588 4281 8076 1787 1159 
41667 35707 17532 7271 10358 35477 14953 15727 
165110 33158 1119 4646 6250 8476 2323 1207 
63863 104382 19272 41701 11545 24025 12970 12172 
229958 45635 570 3905 3180 6030 2320 3420 
305075 141691 46149 15115 49503 10811 23911 7990 
522803 32570 9079 10692 26397 8443 2662 5461 
500689 27126 1878 8900 16172 21286 8304 3243 