89922 16843 3622 1917 5035 3059 2042 651 14 53
2157242 157490 62710 72787 67066 72473 16519 23570 43 70
904708 97768 2761 7789 11287 16901 8986 3110 53 40
903378 50330 6563 19721 6814 9477 6543 4207 66 48
73257 58636 2990 2404 1153 3175 1408 171 53 38
300379 116466 16840 5475 21386 8314 13778 4281 35 26
1263972 99544 14620 9478 9657 7265 3929 2664 21 35
802223 42881 42397 67116 18802 9313 3565 3375 13 51
750387 115387 12288 25124 5496 17155 7396 2940 24 63
255813 24508 4772 2648 3149 1348 1600 805 17 69
144953 21404 2509 1967 1113 3950 4534 587 30 67
698022 110624 18649 6521 22369 14828 5099 2466 38 44
1102026 47704 5932 8453 4875 13256 9147 2484 44 41
198457 85345 23344 7644 3296 11717 4343 5084 56 44
839877 203904 12265 13839 18312 52627 23559 5669 60 38
92858 168477 9943 6699 11197 11356 9587 2651 53 30
44210 10525 5588 2230 1337 4002 1685 427 54 41
1005090 179248 8814 7045 14760 6864 8308 1634 43 26
295797 95572 7010 5899 11941 6835 5792 1749 27 29
1537551 58966 7947 4523 3313 15019 4630 4888 43 35
615124 267375 57006 23882 54711 56368 29542 10964 38 24
761934 75533 7288 14681 15401 12041 5556 798 53 35
1707667 248587 21063 34422 26189 35926 25266 10677 61 40
750738 165551 107754 51417 20763 18657 33818 27742 47 56
1368481 178292 32519 15618 42077 31320 19381 8933 44 54
328983 78210 8011 11139 10315 4020 3037 3005 30 54
1696364 141972 18632 19184 41974 35212 35005 15358 40 54
441157 216048 78356 10449 51506 28117 30070 6687 44 43
155933 93095 11445 3843 5267 10156 6447 1268 38 41
710854 206781 18467 15757 34465 29043 18170 2962 51 35
275290 18655 1515 3496 10257 7752 4196 1146 57 34
247964 3281 3355 1230 2438 1542 688 461 66 40
460461 95184 36107 56244 7686 17149 10041 34789 67 57
199455 34792 9075 14056 7564 3694 2760 1572 60 74
85542 125102 13439 70507 24306 19022 15662 9793 43 87
1812702 305493 63212 30033 15145 35229 9921 9212 34 80
529475 76073 144597 77701 23946 44532 20755 8845 38 87
1021444 495214 48637 11295 8587 35860 21742 7448 38 69
944577 81083 32429 20591 6054 26116 24716 10924 44 69
899128 231715 16595 41781 42972 25890 12707 11325 44 64
99076 17018 13411 8736 5707 9649 3741 2307 53 56
394778 320328 20014 18829 14441 28824 13186 6128 57 56
75215 27967 55303 4733 15215 38053 21152 10069 69 61
307433 65242 10394 5619 5928 4881 2348 2954 64 63
726730 75784 18875 28619 22491 27887 18168 5238 63 56
180697 12048 1719 12602 7615 7157 3872 2111 77 74
1081432 165793 29383 131697 11899 26155 36582 9407 54 74
1679469 143085 51068 35547 53003 20356 13738 11479 57 80
1789852 123507 34300 23164 67326 18604 12096 12455 50 78
1496378 136735 30230 14041 50169 29522 17821 7274 43 67
399688 23123 12466 2098 4297 6735 8394 3233 53 61
1147132 533415 36509 23793 77104 17642 28905 9806 40 47
696497 68974 13062 17736 5199 15870 5234 2885 44 50
1153661 126588 33381 17152 16413 26904 9534 6264 44 54
1974857 120000 38246 32695 12464 46360 22368 10051 50 54
137828 64859 32897 13863 33695 22447 19988 6807 74 67
67825 54851 2361 24697 12346 33330 29908 4482 87 64
1888798 283108 54244 31611 43059 26977 18702 7405 77 63
168000 42383 7987 10666 6701 6790 5149 1714 66 61
1304852 135019 54038 15101 19449 27047 27744 8073 63 61
859637 205517 181240 10670 16507 16428 12548 8941 34 70
156861 50264 16119 16377 3762 14416 6417 1745 44 78
649240 75848 22825 8843 9816 9307 3658 1452 41 78
63995 9017 808 2291 1375 1673 1326 675 41 75
827675 166447 48396 59109 39443 37007 31852 6791 56 69
81037 94266 23049 10218 8248 8948 10839 3937 44 64
440408 172268 23930 43394 14492 38288 49536 10429 51 64
413275 94020 73195 50347 11207 34552 9529 7757 53 77
456426 234692 72816 63798 15858 38147 15395 15493 50 78
370503 292088 51657 28845 34075 37791 20823 10611 54 74
278596 58036 45033 16268 1989 17281 5432 5571 53 83
1298004 338015 19267 55505 35330 34352 21189 17310 47 66
394156 162768 8163 9986 30513 51998 10859 5578 57 47
14306 26645 2166 849 7070 6354 3072 2442 66 35
970940 202999 33954 43787 21220 25798 24014 9932 61 24
162811 11225 30701 9101 4029 9151 4079 1863 69 48
968062 356952 45411 57518 37998 51774 13284 7710 57 60
201500 81982 14983 13843 15736 28223 10308 8947 60 74
1456745 64881 49282 31798 8988 48427 29708 14528 77 81
963562 108493 24670 52598 22164 43236 22636 5458 80 66
687681 78645 65807 23485 32775 43374 19673 18417 90 77
151673 50732 23426 14474 22263 27780 19752 10953 93 81
111936 46999 8097 7861 36857 54716 10922 6837 100 63
1376088 534367 232956 48051 36057 21675 21091 8439 74 63
388615 233753 34254 48570 26361 30499 35025 19667 60 56
788486 202721 7533 39480 6835 36548 6117 7913 47 48
552908 389582 35517 54868 20621 25081 16416 8400 14 54
430264 65702 28457 14986 31319 24951 24454 12988 40 51
105962 78127 5518 6248 3356 10298 3905 1588 43 43
638646 40077 10108 14841 10915 21179 8516 4248 51 50
392556 536077 101872 73017 89107 44334 30583 27386 54 51
116390 3988 6669 12848 4372 6615 2561 2305 56 64
593491 37958 10611 5507 21837 21032 19809 8520 69 70
398859 33746 10325 49295 16122 20812 25993 33106 64 80
92899 43893 14464 56539 13149 25216 11402 11426 80 93
290260 77826 17280 17165 5097 7503 2697 2322 63 80
971932 402253 41903 33724 8833 43807 26592 8311 47 78
116161 29875 15892 996 4879 3234 3067 1717 30 70
561691 80740 6825 2136 5847 10518 6253 1869 26 50
889045 50657 8294 6328 10293 25047 19908 12617 47 41
427501 48832 26997 53617 7875 40467 8792 11525 60 57
448848 194523 18257 39117 31625 32434 14631 6370 66 50
56721 6225 2036 5031 1561 16193 3421 4374 90 61
118108 28186 10086 3233 3059 10388 4297 6734 81 67
1294811 21433 32866 14032 12094 53591 12006 17844 90 63
69799 17980 10850 2753 12491 10720 4796 3875 97 66
158168 9831 15301 4796 11506 11338 3814 2561 84 75
105298 64717 2186 16334 9348 46734 14031 8153 93 66
1079442 48603 34724 2857 6212 21460 1837 2395 81 66
457404 185091 34325 5239 53577 28278 8693 10803 70 56
41122 27642 23982 16742 9348 20317 12645 6206 67 60
665568 190165 14953 12036 18814 27972 14001 9137 53 54
21913 15334 11956 2468 1920 1319 910 726 35 60
1023065 342900 38167 8611 9818 27627 10586 9773 29 60
1559356 144035 34072 2149 9562 33700 11869 3781 26 44
17059 37813 1073 71638 12053 25106 37438 10004 30 66
367830 43325 44081 11305 16728 22367 11661 24443 48 64
416153 10057 9945 3516 4759 4447 3836 2015 57 83
86767 14333 5963 8094 4641 12458 6860 1295 67 91
221858 100128 13850 21002 13190 13849 9053 1729 57 80
254772 15023 11143 23853 32057 15687 13040 22440 63 78
254963 49313 23196 12969 27961 40808 13099 4198 70 67
372716 28260 7305 24961 27344 31465 10673 9065 74 67
117487 9879 16621 6500 19761 35173 20672 9334 97 69
34006 24870 18638 18168 5398 31065 18585 5130 100 70
491379 46436 48715 16842 26650 41379 8130 13070 100 80
205387 193492 12412 18109 10886 18010 18205 4201 81 67
109860 70454 3383 18368 34457 11516 7703 7123 60 61
67001 31543 3702 4838 9435 3310 3961 3993 40 50
473290 116310 74534 9719 12335 40151 29588 8634 34 47
45766 34471 19159 25451 23410 27540 9693 11648 48 61
323852 74877 18708 34805 9674 24902 5803 12993 53 70
303343 131783 8142 10651 7046 33028 9287 2650 63 64
244952 47228 27588 13301 11507 5293 9170 1608 51 66
138627 12560 3309 4263 1843 2447 1160 551 41 64
679023 416069 24282 15889 13780 27555 12503 8534 29 48
397188 42829 11526 16482 6365 35410 19638 14756 38 57
239645 105392 45403 12169 12626 39702 8040 5346 51 54
321070 42664 56506 13222 22442 26394 18576 13580 57 60
145649 3796 38631 17464 24880 38332 23293 11940 83 83
139207 10197 607 13402 7169 6327 2435 1837 77 90
800353 142992 11976 12424 14672 17252 16311 6113 67 78
284422 23637 11112 11019 10757 7907 2963 2531 64 74
212311 55287 11445 18011 5667 7089 8673 2189 43 66
680751 83327 5169 5960 1300 4235 1135 454 24 51
3483743 1117165 133333 432256 60106 46588 96270 13994 11 63
832433 224409 43264 40290 5824 8224 3930 3206 1 60
319962 153382 12127 3883 30495 7912 15356 1367 1 43
942869 166399 17747 10544 5190 7007 8207 1717 1 47
181533 287009 23910 11852 20865 9314 6773 3125 1 30
964313 479158 41149 53323 49385 37190 37227 22579 1 24
724146 335352 93873 48074 25363 30311 31964 8809 1 40
1131711 298332 37092 7668 21272 30895 35223 20933 7 37
1491230 288523 25936 25942 20113 22064 86188 17043 14 40
2413128 114798 135946 20030 15980 40768 14157 18135 21 57
558958 282832 48533 17564 28054 51596 12226 22968 29 50
570648 150179 44758 27804 34449 19185 10816 6218 29 61
474903 24622 10292 2362 6173 8694 4306 2440 43 67
470955 152866 19098 33490 21304 26761 11828 12897 43 54
130445 77210 12223 5786 8747 10231 6619 2858 40 54
890751 76365 6680 45614 21942 51113 22058 11523 54 54
236540 323107 19189 31481 15711 29327 29659 7510 43 44
59437 42784 34982 11018 19422 43621 26719 9996 57 51
234109 64489 48965 34120 16106 33656 33581 26243 64 66
513646 77806 5025 13617 7132 48417 21952 14655 67 56
219701 51246 4312 3907 3308 9756 8729 5585 77 56
174030 49897 6145 1203 9039 10494 5270 1028 66 41
2114965 932528 54511 126411 25747 48073 22861 12267 48 26
592999 167956 49505 6475 14015 8566 4677 4876 21 35
717523 116158 19062 21467 27563 27560 22565 13612 23 40
227510 67315 5083 10055 9095 15425 5646 3040 23 44
560835 319005 2173 7094 11433 5187 9798 3294 16 26
99908 25771 14388 19131 14984 57592 18291 10726 50 29
62148 18468 19181 2935 5416 6299 2685 1296 51 43
27608 31537 41209 21988 24230 31447 13550 31491 57 60
939091 53106 25472 38743 17192 24859 16254 20290 83 93
168487 35910 23561 103507 48013 77441 31201 5189 77 100
539732 32067 208 2813 6327 3231 1610 1262 70 77
1336858 49639 8596 14225 10849 5254 1324 969 56 67
280299 25895 2126 1291 2257 2796 504 237 56 67
152827 18351 9108 1602 1906 1152 949 297 40 64
965528 737739 28302 15290 9166 14761 8092 4883 10 37
2517509 444759 196955 151080 175103 168122 45939 11814 17 54
342045 104748 75304 9674 10301 22994 47605 21210 23 61
1147016 95247 4634 8275 9572 36119 16572 7425 43 44
584165 87177 20102 7810 5754 18078 28395 46956 61 60
287565 26347 1743 5517 5143 16214 4222 6247 69 50
327009 59727 5415 16682 20026 28693 26661 15933 80 38
322755 131909 17075 7731 46961 20309 26778 4624 70 41
47437 27724 12836 12906 6431 72703 14800 9768 91 40
332304 475928 76324 67893 22876 32522 8156 9075 69 44
502661 127523 25028 17785 2141 8149 3990 1502 50 50
708690 147262 26377 9770 10960 22707 35543 7692 50 53
253955 249514 3603 30476 45424 32022 14770 8480 27 47
898513 112689 82426 27995 31725 50929 12138 4685 41 54
80455 18133 4553 4522 4180 9767 5141 2191 61 54
29212 27367 8813 5456 9703 44619 18118 17683 81 53
375928 36352 12290 25102 6695 33271 20063 14384 94 69
461117 102305 5142 5879 24490 24090 22521 6807 93 47
392048 63225 18869 21704 7529 18408 28747 14011 87 51
462705 295916 14858 11317 9679 33262 9860 10760 66 43
540020 233899 25884 6135 14339 31346 24058 21514 53 26
269446 13023 4756 7323 3315 11678 4453 7019 60 47
1271012 245220 67190 28826 24004 20410 18549 3702 50 43
402365 54259 9779 11352 11102 8503 5718 2530 50 56
610405 222142 52103 22494 16124 15085 28368 9112 41 66
318628 115937 37243 6413 25889 32341 13278 6737 34 61
1325592 278806 22571 19921 2315 49654 45252 8915 43 51
124299 57479 36722 12334 12011 59041 26834 36338 57 53
1671393 519710 32696 26080 11947 72452 28299 10055 67 41
290727 75099 57467 24711 16293 52383 18402 5805 70 51
763881 176995 27454 10655 23941 52186 15488 15278 75 53
337294 41665 3725 18692 15206 48496 36587 13043 78 48
576966 32180 18244 5372 22852 45638 30928 11124 96 56
915898 583665 23938 10384 39187 25805 16679 35847 77 34
274752 55900 15642 8498 6240 7775 11152 2334 67 40
70253 14402 3905 2409 1692 7039 3919 2252 61 43
536279 33175 5661 3654 1611 6766 8472 1019 44 43
41453 27970 8138 9922 16773 18353 11469 8721 66 60
18939 25375 10341 3560 31070 18004 7944 8662 81 53
20863 28700 3997 5939 13023 28239 8260 19118 88 47
28157 23025 5505 2683 14194 32622 11181 7571 100 38
1942986 95724 13486 42267 33668 26345 17087 17626 97 41
36673 77389 12078 5162 24630 62458 35452 16431 100 37
15805 13105 11418 12578 24040 41604 22811 26073 100 43
122484 129626 16757 46218 16395 23377 21552 3475 87 56
168951 167749 63532 31589 42684 56708 15554 15925 88 54
5596 29085 13261 4876 14480 32992 31153 3661 88 63
525821 279199 16015 3704 20696 41305 8801 9367 67 47
37994 14132 3015 1679 1985 6333 4682 1409 78 41
22590 13406 6843 11252 4499 27217 12334 14101 91 43
193222 19804 11983 9851 2399 4968 6462 1929 74 56
15565 21391 5053 18075 15649 77450 21567 7287 94 69
33662 28578 10240 4324 12781 32210 13848 7072 100 67
664687 19399 30993 13692 6480 35097 15152 8159 93 75
267585 67599 15325 5569 20219 33328 12466 4875 100 60
45952 18891 18859 9794 13803 30668 22097 21809 93 66
16276 5033 13896 15471 26281 28175 15326 6792 93 75
73485 20016 3308 3762 2526 7565 4531 1766 88 63
790167 177354 5003 8146 5308 34715 24437 9320 81 51
123006 66391 12955 20160 9718 24377 20351 8582 70 50
55564 14096 3668 6781 2343 4718 4492 714 60 50
581383 43572 16016 14717 31493 25859 8897 6958 61 53
77777 6684 1815 5621 2608 5061 3492 3190 66 77
15977 21121 22155 6867 11526 34343 9361 6103 77 78
42010 23427 2712 4161 12058 31328 13498 12477 91 61
425239 8539 2729 3531 5103 5476 5574 807 91 61
38378 11990 1344 20967 8287 11204 11468 4894 90 63
204522 52578 2461 4057 3324 4922 1407 1756 70 50
1196695 57931 9797 14082 12204 3477 1623 596 43 61
1093768 308166 41761 13767 38436 5545 11346 5113 14 54
2141144 377554 119508 55971 25971 32468 42275 43527 1 50
1176747 144555 11029 12494 7153 4262 5330 2050 1 53
603097 186000 7521 3653 9968 7678 6868 1225 1 35
836732 70614 46264 22805 11731 10939 7685 1420 4 50
70296 40127 1768 2878 3064 1438 1176 1371 1 38
60298 14443 9786 1341 1041 1779 3256 518 8 51
83398 63437 4741 15683 20533 62187 24763 36197 35 61
236124 18322 2702 2262 7466 16047 6855 2178 53 41
344038 31606 14354 16656 14856 30560 14218 12942 77 56
353507 121839 36101 18105 18613 15681 28357 12586 80 50
593934 42366 13556 3042 2692 8801 14215 1916 64 60
637798 127244 28689 3065 9415 7316 11874 2824 41 66
933350 33516 25928 26543 11020 16744 12794 4910 35 74
152952 20827 23728 10659 16167 28123 9839 9523 50 78
31558 45343 12515 3688 10111 16848 13661 6850 54 75
547688 59450 4614 17388 13591 14849 11009 4140 66 75
1477082 85042 47264 27706 18599 15038 22020 21119 60 74
1310628 114817 73891 26590 29971 13601 27014 21516 41 75
359649 114783 17956 34715 40881 13393 18033 9148 30 78
30804 24457 19446 5900 8153 15603 32674 32447 37 84
364765 86671 5080 11204 10217 18517 28076 22401 41 69
377797 62943 15386 7608 12028 21317 11686 10709 53 60
812784 119255 2797 9762 3161 6770 6274 6903 50 48
224308 70231 6683 9234 11177 5262 15022 3318 35 37
22226 10296 6490 17368 8778 26075 15755 16628 47 50
303495 59780 5205 4371 20606 36262 21100 8827 53 38
10760 20655 7950 14694 14005 18262 16509 11196 70 54
155147 57433 1855 33015 17304 31719 13057 13651 87 61
165419 72738 2342 13131 6065 2631 2732 572 60 53
115014 30305 7089 5401 1343 6658 6253 1683 50 66
111265 45942 7317 10178 3026 11992 3741 7435 41 61
107762 95280 6125 7358 2288 18570 2791 1445 37 50
61607 17971 5987 6222 5645 47932 15930 11634 69 47
49845 16658 1967 803 10472 45956 13756 9819 90 24
372524 44449 5834 3176 3135 8706 4947 2214 88 17
112625 103788 17025 35112 16570 12962 18207 5157 81 29
122239 12806 9732 2946 6056 8581 5858 3308 67 41
117289 22235 11551 21995 17881 17564 14506 6598 51 69
8841 9432 1453 8964 12932 39247 20971 11764 74 69
638427 97811 34129 25978 27380 32799 16784 9518 81 70
219473 15144 5143 1398 1302 1503 964 206 67 67
464093 108506 107618 49809 8077 31160 23787 13139 60 75
4227 31867 8277 4352 10780 20957 23481 20035 48 77
125550 13318 4649 2630 13448 29842 7374 7420 63 64
1277179 54051 16128 8571 25677 20313 17838 9580 74 61
740416 22557 16804 3015 10895 24039 16817 11154 87 50
21093 6673 26999 10759 12921 43818 17113 6794 91 61
30429 9376 11443 2861 10723 20711 9504 34997 88 70
141181 49533 72105 15336 10522 25324 18184 4842 87 87
54870 8374 5251 987 3218 4943 3768 2415 81 87
88031 13032 6554 35657 11195 25038 18285 11832 75 90
78568 28403 2545 1750 2824 6979 5016 1964 63 78
476367 63063 26035 31375 19562 32833 35943 11033 66 70
1005263 514053 208851 20306 35511 20113 18081 9728 47 70
2191753 176953 17189 32428 24609 14051 11696 7733 29 57
77974 8164 2563 787 2157 1405 1328 571 24 67
13787 7573 5442 15640 27242 32010 24214 21001 37 63
886127 97125 44192 12054 13828 20083 16271 17010 50 63
169296 156306 14804 18646 6798 35065 23666 17093 57 61
47117 28383 20420 11846 31623 38339 24814 11159 74 61
750623 276165 45235 34176 22683 27429 17186 9897 50 60
528464 64370 24988 18265 7026 26083 27694 11225 54 61
420148 59696 25175 36678 12623 18572 21216 11679 54 75
138425 27582 30093 10313 15796 45443 27046 9299 54 80
24502 94343 23831 4396 15071 49247 39035 6069 67 75
502660 139712 17070 4598 8492 42497 18199 6179 69 61
15799 25798 2797 17397 7388 36026 13635 6108 81 51
103504 22731 2272 2326 4862 9449 5516 3179 77 37
592296 109404 14638 9528 15784 29411 15301 19871 70 35
855206 133389 44535 8590 7237 62874 11020 17354 74 43
326315 55366 22237 7907 16339 38981 35341 35526 67 43
2243117 216741 72468 24771 6638 24228 24102 7058 56 54
198892 55303 16403 7480 27718 27427 25727 10635 60 57
80441 55960 6164 4463 8290 9186 5182 3299 51 53
223817 382910 22835 30943 15926 40880 20951 12287 38 44
328127 55235 5481 13125 24616 17394 29261 7226 48 40
575296 74255 12734 31281 10947 31133 41130 17689 47 44
100328 63303 44290 14966 14745 46436 23091 10917 54 56
157730 32356 514 2735 4717 5336 5260 3705 60 51
13803 50664 2002 9121 7471 15291 23327 7267 60 48
232439 41697 9567 6538 9331 12616 10740 5054 56 43
29996 50454 11910 8884 8887 29856 8580 6117 57 38
23442 23281 6078 8231 9476 16911 13207 6466 66 51
52942 37026 17661 15508 9038 28595 22454 13826 70 63
1492421 23330 25677 43905 20528 30005 11383 6622 75 77
16319 28735 12376 29289 11047 16791 5468 10362 69 88
121634 23647 9967 2094 2052 8408 1569 2653 64 90
8104 19699 4030 4798 6618 16529 4897 14924 69 81
135366 20779 8560 2635 4835 7661 1073 3403 66 69
6766 23652 2618 3466 6187 43641 26300 13807 81 47
4503 16607 1726 4657 13515 28598 13241 10020 93 35
776434 68312 2645 25892 7542 30218 18759 9163 88 38
332763 149345 13417 4650 24680 25540 16490 15459 83 24
13254 16562 14134 27153 11497 20704 12984 14506 70 50
112179 55281 15639 11598 14755 18200 19910 5908 56 61
121402 97560 33422 14458 56807 51662 22823 7031 56 60
167864 179077 4955 7293 21165 22999 15927 5605 56 54
327096 146097 4948 20183 19796 32054 19987 10201 51 34
1013137 150691 47721 45489 17003 57557 14797 7515 53 37
131067 15577 2180 5447 3543 3680 3833 3829 47 40
28077 10961 3502 25988 26440 26437 18572 8888 60 63
591812 87383 3934 25229 8929 32015 54720 14436 61 69
62162 19355 3845 3802 10473 22998 13019 20534 70 57
234620 50659 9138 17794 11500 30010 20647 20593 80 57
72574 77489 31303 23325 11477 46893 9544 12054 74 56
769497 275880 16557 47131 16039 37367 30187 14923 66 53
182756 12889 364 1442 2107 1434 470 903 48 50
398306 58452 3809 19170 10507 18087 44562 7697 44 50
