408437 11128 5900 6491 8118 9645 7312 3394 50 56
903525 666102 35380 36124 172984 47457 19142 9784 40 43
586868 102540 6971 8342 17348 7959 13678 7980 40 34
471214 288753 55106 30662 14110 10889 15449 5426 41 29
112399 30998 12106 2737 2427 1802 2187 739 8 29
1364830 207696 18916 52584 11533 45671 11776 9839 21 43
356986 142502 20446 11775 11196 20363 20010 2532 27 48
1244847 604173 69547 158178 43257 103521 27621 28830 50 50
631292 21602 17949 3636 6113 6039 3766 1105 66 53
128331 65127 2442 4401 2976 2076 2033 963 43 43
723143 33907 1819 4994 5232 2009 3119 611 30 40
44055 28237 18980 6512 4303 2766 1574 1444 17 51
1282968 37685 10309 7139 4236 4545 5044 2096 11 47
343864 21628 1908 2352 3559 3389 1325 3296 34 51
1744042 150139 37048 18948 38163 38812 33316 13532 51 56
527245 152254 20287 25239 24741 57734 25021 14000 77 41
78041 8467 3177 3424 3451 5285 9369 3530 97 40
701249 253660 14727 4760 98887 84742 45216 11809 100 26
1045109 730266 7585 154270 78403 65834 35171 15694 96 23
1301463 84743 19227 15066 9545 9344 6909 2022 78 30
571701 883012 25263 26328 27185 33523 38728 13053 78 30
803864 49250 5630 11551 9639 16871 2732 2874 74 26
294145 254195 43351 12937 30418 50614 41074 9776 64 43
220621 59738 8123 2697 2060 4761 3036 2182 61 40
1018510 296519 577232 34361 30502 89008 85186 54593 64 56
542414 128133 135326 41162 12764 26410 6767 10180 48 75
116421 32567 9041 4615 1834 11409 4286 2540 54 83
235714 103551 43844 4806 7741 11319 10323 3321 56 93
792051 49882 2107 9933 2710 8883 2536 781 61 67
953617 332089 47897 94357 18655 18215 17090 26109 50 56
832707 748446 11014 5428 40368 77703 46211 44061 37 35
844180 212636 60200 46765 18506 26091 23531 18414 38 38
691876 437142 88418 58721 23788 134465 39683 28847 47 44
282246 41483 11453 12719 3983 6919 6726 4100 61 48
831565 112681 41206 1114 7571 25240 3448 1662 66 75
79087 40593 8224 2557 3517 3934 4388 1657 66 67
682549 114453 9589 13156 7169 14807 3981 9833 54 64
546883 14358 15179 5826 2515 4743 6964 2876 60 74
629753 239690 19867 3649 18121 39718 24757 9285 56 60
544895 39625 4711 9198 14425 16439 8245 13350 77 57
1818540 92151 32136 57507 41565 72102 9993 3540 94 66
22175 9926 1300 963 203 380 1022 528 75 51
634968 92411 18561 17794 6729 18979 10414 3449 75 64
112291 67789 5343 3939 7673 2837 2757 3530 44 61
227728 293355 93067 46355 22950 37276 14691 15812 23 61
791193 63947 34015 59574 48050 18042 16147 5624 41 74
58889 35814 10927 9251 1643 2200 6495 1767 23 78
333315 353673 35895 30036 40725 44675 51790 16429 38 80
1814850 1120747 83403 47970 71986 108734 47878 12258 38 67
175439 20669 17749 6201 5551 2319 1874 4748 27 69
1618225 505133 124653 81520 58668 98816 85532 47472 47 64
251201 115312 75453 14420 6976 13276 5763 4664 40 77
721464 31923 54179 20108 10751 11176 21829 3896 41 100
830550 83039 995 6067 7573 19114 12843 6350 61 77
792803 341355 33738 36008 34030 51022 29234 7199 60 69
23806 18883 592 1472 1292 1611 1089 715 61 53
46134 7893 4706 3045 2700 3406 6040 1354 70 44
691318 163268 10863 22273 5741 13083 15367 1917 54 56
287829 169546 5610 7938 21604 10833 6499 5715 43 48
425340 95183 6294 3855 11583 6536 6880 1949 41 47
1273563 325130 87949 70911 27992 26792 21127 24223 23 43
1146496 195525 73733 59137 23380 35885 14092 8244 27 53
702349 1103784 109529 53209 54005 118086 96164 14398 37 57
667684 38513 26594 15719 9234 13354 4795 2535 51 78
265983 30700 17688 10666 6897 3385 2171 570 51 83
399430 9474 1834 2150 2208 1192 118 56 48 78
2649281 123617 21306 14647 8545 8706 15845 2738 41 84
2266195 218770 38123 113464 26674 24430 11263 10902 26 81
1192348 84212 19404 7433 2858 8628 3953 863 30 75
965652 652812 154889 60811 72113 20972 54234 12746 13 74
936233 68456 22607 4885 5095 5329 11325 2293 13 77
1391208 256693 15499 8818 12621 33986 31532 13269 23 57
1327666 200661 57220 12143 10120 37623 12199 17353 29 56
115880 24120 12386 6850 4497 9143 4652 2071 60 61
879559 101261 96650 57286 37954 19260 19528 11924 64 70
1206770 160223 38911 11271 12890 39745 12187 16499 69 83
1638431 35523 20447 7664 15127 23571 33249 8511 84 87
1124215 191683 14088 5564 30989 14108 12111 8263 67 67
17986 57931 16951 3884 13265 13804 1516 4845 80 54
1566780 109965 21683 5151 4514 9642 4973 2767 66 53
966069 123722 98873 26347 20858 25639 22980 7281 48 61
2001741 249927 36555 15859 52339 29747 14486 15549 53 66
578341 117035 112785 49243 30271 21425 14037 12891 40 80
241465 37726 14984 7629 7860 7319 10460 2692 48 87
2032265 38595 23873 15192 50105 24657 13143 4063 66 80
5299 83731 2937 2570 11073 39718 13231 5901 87 66
556238 122858 8512 15085 5687 16669 33121 2057 93 50
748469 249451 33540 52131 21897 47097 31264 27772 94 44
95050 52335 11599 1594 2412 4776 3726 2669 75 40
310423 115606 13402 22257 9132 9384 7137 6627 47 57
760119 321433 110211 197172 41477 42645 57548 20958 38 74
273591 29102 9000 24695 7182 7273 5410 4185 37 83
3290066 282514 162348 61014 28480 30760 21656 15707 34 94
561677 199333 23571 32980 20683 12029 7085 6328 27 93
120591 35734 4632 3354 660 1811 4322 550 23 81
504930 134245 44465 46753 20906 39329 15795 21377 27 77
256722 192287 10109 38712 7671 32129 32005 10556 40 64
154692 50240 23571 1669 5357 5273 6026 2944 47 69
1541921 161883 18522 30639 11948 32543 31514 12934 64 70
550879 122959 19860 12428 9833 6268 7126 11363 43 64
1478790 199750 89835 59602 15832 17676 50377 6405 29 77
965393 310788 58984 46429 7565 75202 26167 33926 44 70
1961162 491763 264625 145266 23106 99163 74530 39514 40 80
174235 14483 1943 2255 1949 4983 2436 1033 64 80
56511 58195 10996 2622 4093 6413 9032 914 74 67
431459 57183 36511 10880 26718 13473 11597 6636 67 75
122134 54515 9509 8774 15212 14573 27544 14551 77 63
1398469 48424 5672 12020 6055 4880 4887 4547 57 66
605471 31971 40436 15997 17136 20340 8459 7426 70 80
1534597 816159 57224 41276 40690 28020 22227 6014 51 66
1423013 144367 22993 25317 21169 75951 24449 9245 61 64
34874 60786 7240 3117 343 6899 3427 947 66 57
776026 301130 238171 24373 9822 52341 14981 16173 53 57
254583 23787 9369 9365 5388 14832 15628 1610 87 70
1183624 71730 11202 8575 8512 9770 8398 3149 66 74
986106 257100 36062 60029 63449 23325 16505 42725 61 80
1277085 680882 86245 59158 37308 60905 28894 14186 60 66
1554997 705798 63173 58686 20338 73523 18692 10282 40 54
1039229 81650 6595 7291 8609 12282 8207 4850 43 50
735609 374479 4548 12840 14999 16044 7153 2313 37 34
735363 67085 33953 23196 17004 22533 12136 19019 48 41
732989 17660 18832 22991 2694 6092 7333 4565 50 64
1937460 44010 25287 18095 6120 9574 3794 4911 48 80
964400 177116 80391 62185 16460 23007 19205 7845 56 100
1440305 335301 68779 210372 33023 91830 131420 28062 53 100
1218331 672844 292934 97629 86946 81163 81783 74198 53 100
921543 70807 25513 8472 16481 10059 52508 3961 53 94
715206 103738 69144 23075 39128 14904 41050 14363 48 93
1080912 125593 27014 43375 22441 104953 77882 11898 74 84
587746 620845 536971 155137 42931 98015 39590 8677 61 88
1299941 91487 12136 10529 21631 31150 14318 8054 75 80
2317442 911015 166887 40065 58690 72722 58810 25374 70 69
679835 166478 18946 20807 8441 18153 9629 4311 48 66
116236 22313 921 5344 1431 4408 1241 1883 57 53
251352 433274 13506 8480 12887 18471 16169 8114 34 41
1731005 359561 28037 8945 10105 24301 14622 6070 30 35
2074550 133659 30635 20290 5807 36948 33763 5849 43 38
1500918 110401 37101 9191 9437 18658 6701 4573 40 41
1184334 68965 68461 3008 6730 32152 19986 6731 63 66
1169563 369975 59747 16991 14310 11266 17921 16335 51 74
1424023 183808 27181 29038 6479 17559 8600 5466 38 74
1246723 64799 34836 19091 8979 8241 16596 3818 30 80
15621 24865 815 2664 5924 921 2573 840 4 61
132800 154318 10548 7507 7410 4353 3980 2422 4 56
278200 183426 14188 29043 19016 19442 7522 5099 8 53
880785 454308 85010 30693 26262 23482 32765 8599 1 43
1245598 53161 117128 22690 8255 43946 44457 13053 24 67
790513 115401 3821 24175 4236 14085 8937 1314 43 74
102717 35146 4486 1862 3058 5127 2453 1937 48 70
642797 34584 5136 16819 34275 8396 13873 3131 66 74
619201 250822 98732 68259 46901 33633 44723 14403 53 63
202945 34259 6236 6575 2040 6493 7742 2071 57 66
681959 12405 31611 21944 4189 4970 9074 3232 50 90
387688 85938 7617 1837 9341 16060 7840 3351 51 77
82523 11039 5726 2467 2293 2098 2779 337 54 74
199688 94320 35361 20361 2535 48634 7048 6073 64 74
551938 216789 10465 57429 16904 39891 23862 4340 74 53
718599 25371 58832 12048 2376 23726 5412 4199 78 77
1087749 811163 173867 27197 69080 49334 23777 23194 66 67
60293 25960 3826 3840 4474 5798 3429 470 57 63
1770186 160952 171903 43180 97170 48712 34562 26808 57 74
2181344 582497 120143 30910 14989 124535 93159 14843 53 56
1343884 615310 114275 43313 34356 64738 96921 42710 61 56
31095 43818 6671 3095 1941 1506 1379 884 37 56
649510 145616 24007 20326 9553 23376 34085 11637 37 48
431191 26171 12164 6317 4918 4381 4269 2394 29 56
965582 69153 19104 28969 13303 26427 8210 3508 41 61
785230 25188 42764 9079 9461 11031 6699 3445 63 75
2603448 127902 92395 38044 28289 27147 19612 12932 61 84
138684 24550 23899 4437 2843 6528 5888 1488 63 88
2901733 75250 17036 26934 9089 8402 19956 5619 50 88
901307 244317 47344 84952 20744 38252 30098 10782 47 81
1197154 106000 10461 10956 6329 28990 18593 7455 56 67
411732 109231 16971 12398 21399 7193 22688 3253 44 56
632619 52069 27734 8835 4558 8731 13275 4682 50 57
998129 891733 70428 26823 38120 23179 37577 12213 29 44
543253 47316 2964 3186 3276 9243 11027 5241 24 41
1494692 188469 34227 31405 7214 12716 4403 3428 24 44
131994 85731 27262 10571 14154 6998 18145 4880 14 41
920735 513057 41325 68159 39734 46226 33339 18340 30 47
606440 68184 13391 15290 10594 13746 8976 4883 27 56
558043 180085 44028 46632 31620 7080 34810 6338 20 57
119569 22338 9274 3027 2214 3416 1637 596 27 60
70538 63616 4556 23591 3843 4466 10089 4669 21 66
518617 28315 389 1971 3368 2642 5049 3521 14 53
182296 78971 10606 2044 3897 7948 5553 1873 34 44
1799839 267613 13219 22282 20137 39864 11871 6755 37 30
2225813 312815 51511 79242 57440 73748 60645 48309 53 29
816229 45020 13881 4961 976 2677 4292 1177 43 44
2243077 224800 5333 37973 7578 11317 5658 5221 30 48
3009431 722573 151304 133605 22277 59201 28570 18067 21 56
1379250 90003 54680 16628 6185 17197 4942 11252 16 63
472131 126280 12453 9085 20593 17981 10318 13379 29 53
1087780 122533 17049 12083 8416 18069 11225 7617 43 54
1222579 66866 11696 13976 8151 27222 15658 5040 64 51
1172466 177949 23744 30591 26510 37475 44582 13857 69 43
1035114 462518 18948 43174 36319 42490 77622 35375 64 41
831480 360506 9837 25729 8288 22663 9852 6152 54 37
309650 31787 36731 17599 3787 17051 7874 4106 50 48
2216434 261112 86618 53549 33621 53104 58833 32920 47 53
820111 486050 45278 77879 38442 54063 62757 34280 50 60
2749956 261814 9133 52262 9295 55535 24497 13996 64 66
1077152 989973 339532 132908 120940 107732 50967 78882 50 56
870194 30370 20244 14632 46807 18727 13245 7715 61 56
253494 75175 15782 31575 9950 16594 9058 9479 69 61
75995 9494 2176 432 1028 1407 2245 777 63 63
124378 38404 4817 2343 2803 4095 2536 1106 66 54
707274 636669 67413 107016 63462 172461 121624 35972 61 50
302486 103958 50418 45456 5287 27632 28780 3591 60 53
593161 40026 23620 17750 5701 9849 27099 1576 61 63
672386 82908 4705 5145 4946 8450 5163 1391 63 60
78163 49673 14867 4278 4761 4525 6145 1644 47 64
772183 38688 1977 9062 4736 8965 2375 2352 50 54
1244420 23037 4251 4618 3003 9469 3386 1976 61 44
3238166 56596 25398 14598 3614 45294 11538 6958 83 56
102664 28625 1023 2689 1475 4907 1732 1022 94 47
1129855 96745 24728 23973 12720 64932 57984 6892 100 48
835239 27766 3335 1873 6470 12518 4595 1101 100 41
746504 129575 15782 5376 12530 12584 17917 5185 84 34
725538 303707 19884 14696 44915 11014 25053 12209 64 34
833685 25898 5150 11026 3381 9423 5095 2384 54 37
1360131 186247 17616 19066 4186 21161 18422 12015 38 40
55853 57993 29588 19533 40739 59647 21183 6972 63 47
513697 110474 65509 31337 34804 41822 29973 8685 88 60
1302329 277599 13230 5606 13705 59229 65961 12951 87 43
1147976 440087 17937 23739 8388 40079 52412 34681 83 38
684237 91769 17566 6881 7282 38773 10802 3241 78 30
702712 724881 329634 327126 130991 199972 212123 63140 74 34
1432489 510652 753292 234185 65457 176144 147813 33671 66 61
50490 38002 4631 5834 2486 3642 2426 3389 66 69
173048 119655 36339 6195 8540 11835 11897 1905 47 75
1685529 1787272 555408 160823 155726 344491 530515 50765 44 69
1827809 328830 124569 17598 28701 35205 19294 24433 38 57
126383 41592 821 1520 2807 7900 3217 566 50 43
380224 106938 73411 19339 14613 50095 26086 12882 66 48
1070316 113192 70548 15665 27949 14087 11328 5913 57 53
212405 11167 2487 3539 1808 1949 1869 2138 63 53
670720 159608 27382 34503 32389 23429 41539 23163 54 69
628227 1083858 204258 22759 108913 53052 92361 36850 29 60
955226 480872 19765 12772 14068 7071 7587 4582 14 41
227285 97580 41462 78723 13774 31424 20261 7559 21 48
654946 30798 4923 8912 1375 3677 5210 975 21 50
1285957 305250 47482 20945 44875 7877 5918 9843 21 51
509125 55711 5762 21040 3730 3495 6466 3261 34 67
1085107 17740 15556 14692 5871 13856 7683 6647 41 67
1645559 196435 85693 53924 25878 30980 33993 12684 41 70
71934 9441 3125 3945 958 1001 1446 488 53 80
599479 225139 61058 61176 62568 65594 29559 10054 70 78
2464324 27581 29046 15374 11133 29307 8971 9001 77 75
195483 93664 5690 8762 2882 6421 19676 14556 69 64
1548319 247390 209728 15906 53514 29329 29024 8916 70 64
686397 76644 61586 64048 19534 35810 30270 21636 69 74
1415950 122822 38152 17076 15561 46529 10627 17557 64 67
1078633 109977 12058 15484 10890 15253 9127 3698 70 69
283636 47814 7795 1668 11622 15662 2783 5034 90 56
336760 14225 3442 1798 4826 4857 2295 545 93 44
513368 71204 13257 5370 7649 11269 4375 5609 84 41
1140962 168259 80003 59527 23335 42381 34733 32214 88 51
745310 333822 37065 32162 22175 40638 22321 16898 75 53
664111 56890 2064 43077 43365 33224 27002 10199 80 56
914878 17330 6826 8483 6324 5598 5440 3928 81 64
570870 91505 36178 20064 33409 18762 14607 7368 80 60
150181 14555 4562 2841 1913 3885 1116 205 88 66
147976 7681 7799 2333 3928 9001 6183 2205 91 69
918667 361179 13802 10785 17903 26498 14482 8264 81 51
183510 22532 9974 3131 2952 2798 2017 6541 77 53
54313 25775 12927 4444 2669 2725 8693 4087 63 56
8503 33823 7007 7372 2274 36238 27964 13974 63 50
110941 81124 23018 18149 29125 40002 4819 8717 78 63
753015 128144 12469 2997 16891 23573 12023 13007 84 50
246282 42046 19233 13261 8316 14788 9364 8951 94 48
784627 18657 4345 7944 1437 2469 2740 644 70 56
1194621 302446 27051 7381 23114 12624 10944 9350 48 48
2089972 124592 20945 22276 58050 19223 16922 7433 44 54
583822 63394 32981 4912 18770 5063 13779 8429 29 54
389958 15311 3314 3758 1456 1281 1710 1000 27 51
1480985 237143 77920 35466 15618 14804 16464 9809 29 63
219343 79554 5599 6276 2213 10397 5314 867 29 57
136685 14431 9393 2154 1184 4498 3269 2999 44 60
1161559 49940 26371 11318 12343 7486 14694 2297 48 63
462656 581820 90880 28304 23052 18534 39974 9075 43 56
551419 233480 27376 28120 15360 16296 5030 5777 35 61
1566653 1217816 95104 118178 45278 111501 40247 68564 26 50
610482 72212 72210 5521 12423 17189 6545 4133 29 53
162791 101506 13493 7762 5513 12093 9750 8573 43 51
828035 375537 27525 7921 47815 31473 82971 20848 47 44
415166 136958 5974 12938 11656 11029 21623 7650 44 43
1139029 115953 115735 20810 15374 15831 8281 9194 38 44
695810 164817 6566 11566 20295 21823 15846 4178 40 38
143517 99875 12774 7191 6017 18417 9504 2154 47 44
587102 42017 2720 13404 2579 7629 10123 8591 53 53
286488 113046 93075 103798 34206 57903 29228 16696 64 53
1952300 443933 125781 19303 43501 124626 124383 28073 70 61
1853480 1069603 263338 193413 98599 151108 119747 60783 67 67
291992 135045 155 4634 4256 6386 16488 1981 57 48
622148 368139 42401 72641 37613 15321 24241 10758 38 38
856638 295128 32414 18916 30400 34231 29792 19954 29 34
322457 25526 5589 11644 5492 11631 9010 3445 40 37
716650 71715 120051 38566 26044 19793 12737 4215 47 66
1607255 189509 61797 7796 13174 8361 19037 8600 48 67
109642 16756 11126 7373 2779 2163 3918 755 41 83
743064 184407 22689 9840 17246 9443 8532 2332 23 75
212115 143740 36679 15544 14233 11488 6156 4848 20 63
1116209 78265 3266 4237 13533 5384 13952 1726 26 50
1380600 45838 11333 8235 5295 28208 9749 5063 47 40
2267804 458713 306127 65715 46691 70660 26393 22564 53 51
1071951 132786 8679 41640 23400 13102 22445 9712 54 51
1330256 246417 8133 13410 16311 15532 21990 7251 53 50
2045662 75369 12423 30377 12633 22211 15369 7387 44 54
1883195 126219 9183 11072 21443 23410 32665 2975 51 40
707781 512603 93913 38131 29107 78118 27559 13698 57 37
3486400 355993 87849 62435 26269 89446 29035 11682 67 50
368338 212592 28783 9007 4998 15769 4401 5437 57 43
1234754 526704 116058 109414 48364 59100 98444 49116 50 51
2602603 253073 13320 11848 16004 11387 7830 5219 38 43
36954 43553 7701 3369 4469 1881 6846 3186 21 40
319409 222576 16122 39828 12991 43971 37788 5884 30 41
541835 79896 31355 12662 6852 16674 12055 4433 37 43
71762 13921 6221 5262 632 2617 2001 853 47 60
1014164 397254 38791 19405 51543 44780 27276 10183 57 54
895240 160812 24034 14782 22968 36584 30169 7601 60 54
816559 80946 4839 1849 8375 11661 4492 5670 60 38
237666 130372 41503 5687 5224 20851 8542 4115 61 30
779550 55055 16447 15052 8003 16172 8243 6461 67 43
1174804 420723 83045 79680 49459 26812 61098 5440 54 48
669203 67944 22309 71984 44827 46176 38450 22233 63 66
79590 17363 10118 3206 950 3660 1243 988 63 74
963949 423048 199896 158051 68551 97033 83305 25476 57 77
1446584 1241764 66553 197638 58799 165032 114959 111404 67 70
96344 23725 2988 2516 2955 1995 670 1202 51 61
717265 258530 55707 25425 52301 36380 18765 35027 50 53
308652 50681 20099 28476 18589 43944 14770 10661 63 50
108101 12614 875 1291 1429 1386 927 1123 60 47
877849 256485 29172 40108 23375 23590 42735 10612 61 50
1713863 107996 110213 57445 33851 39999 68338 32922 63 61
715527 148642 26024 130322 57150 53684 40023 8644 54 64
2082256 126374 19153 6447 2962 13371 24182 6688 54 66
1003075 269190 29062 18776 41957 38653 20340 3257 60 61
2025026 758470 101057 104071 33060 76885 77320 101684 54 50
767660 204525 80539 10755 14222 34672 12286 2714 50 44
433472 470889 122065 90179 24088 15558 34599 18747 37 51
876881 262070 65703 80147 27837 28170 26396 11469 29 63
965240 73322 6158 14441 11494 2976 12605 2984 20 63
1466407 215743 112495 61601 33866 32866 69587 6014 17 67
998196 310720 78283 34173 63539 23907 34276 11643 27 64
554408 43786 8775 15164 2591 5006 7940 656 27 64
1194594 56452 5936 7027 3766 2153 10001 1845 27 63
729525 107190 43954 3191 32627 6846 4341 2082 20 57
365822 367092 125742 88333 34245 33201 29253 22730 20 63
679541 78794 780 1353 3059 7916 3265 1069 24 38
254209 181872 7381 4599 5193 23018 17986 2468 40 27
2643837 287429 56986 123102 21200 11617 29711 3617 34 30
266224 39694 9774 11677 14331 4462 5676 1605 35 27
321750 188526 157641 30339 11549 9654 5059 6222 20 60
1247861 318212 13247 12087 9740 14667 5703 5578 10 61
543163 293278 20000 8718 35463 26050 28905 16368 21 47
482916 288195 40735 13618 13109 10449 4956 9356 13 40
1230639 523862 30426 30395 41920 119255 44314 10205 35 20
1623230 1018053 61338 58350 19564 67354 26317 13614 38 23
