17623 10179 777 1868 2868 1213 1414 507 53 27
1757155 909269 95158 72456 158974 60834 76013 30813 16 21
1683487 107390 60231 22169 31638 17985 13515 4771 16 20
1210260 135208 7052 1903 12042 31744 13636 2359 27 1
1273870 227258 24615 16035 10912 25096 11953 4563 26 4
216082 67534 2862 9056 7571 7484 3163 1076 37 16
927570 47751 31780 21285 46152 26976 18416 5254 56 17
229774 118180 27450 11789 3952 10148 3614 469 30 40
1638389 1018800 194096 103568 26026 71227 41896 4023 23 50
1827636 452677 19572 56310 84964 110577 111299 11576 35 48
631929 127575 42567 16694 13948 14691 9097 2312 13 47
29774 26868 2319 4138 6417 4929 2555 650 27 40
974636 251748 30201 16025 14315 23109 12598 2594 35 34
1296534 219298 824 19385 9810 10684 8624 1159 7 27
651491 1011769 74078 14825 103396 33980 28152 23029 1 7
242030 93872 32185 5703 19014 18772 19201 3063 1 13
1136175 56216 14344 15038 3853 15802 7122 1577 17 23
583206 33436 12360 5476 4113 2396 2287 1596 24 47
1183558 40934 4354 21650 21836 24688 5398 2380 63 64
689803 64089 43246 16524 85766 23925 13335 1090 67 69
924276 608722 56216 12323 49266 47899 42160 7444 51 51
169338 139996 18902 6430 6347 9329 5917 3620 54 38
718153 118383 2704 37537 20087 41864 5913 4217 50 34
756837 140188 21938 4200 29187 22873 6768 4915 47 21
1710633 734486 51162 23471 56972 56298 58516 5950 47 20
2218457 276853 26860 111466 193214 107599 50191 10172 70 24
663100 62136 12722 6911 8403 12131 8982 6036 61 26
633350 184996 8290 19902 19905 10311 8553 3920 44 24
265201 55241 1522 2247 6000 5746 2872 2034 50 17
1331841 16581 1724 3192 5106 4662 5014 1854 47 13
486208 16945 7429 8604 2670 6208 3522 1161 50 27
1228919 61907 30353 11352 31459 12011 13214 6415 63 43
936021 112038 8143 60898 25342 32089 11096 2842 74 70
239723 22082 34993 38786 28138 19562 5665 4005 70 94
872379 49813 54615 11012 36940 10258 14279 4501 61 96
920883 25672 81223 18139 36518 23832 11632 3312 67 100
271069 28096 24030 6111 4231 10971 3793 851 67 100
1037481 76042 66198 14925 34961 28659 9402 2446 64 100
1417137 55671 47770 14525 14111 12374 10217 2188 67 100
1359003 505613 89092 113269 72096 90705 25053 12259 63 90
682059 94302 14712 6772 13708 13570 15667 2456 56 70
916898 205215 45427 42528 31103 22862 9312 1824 44 64
796321 23256 10574 9022 8573 8944 1639 830 54 57
868472 93152 6628 26458 9207 19195 12939 1945 56 57
184109 173151 35287 6633 10497 17648 4812 3688 51 61
2695481 216451 189224 140858 73991 138880 32690 13918 69 74
697173 421182 41223 64520 65741 69252 60683 22919 61 57
816443 52083 11298 14011 29022 10283 3150 6376 60 57
402007 522184 97969 99245 34269 149570 26181 19631 77 61
2135215 189381 16700 37282 159900 61819 51162 19189 78 38
156109 122206 14760 11235 7818 19232 4080 2465 78 38
1572989 642730 88239 37135 20764 120370 25407 19274 80 30
1160176 95936 32120 14585 19710 31403 11905 1020 80 34
36909 8617 3792 1265 646 2107 804 452 70 48
500428 112619 39122 17722 21563 16418 3981 7295 69 57
739109 137400 20775 31892 39359 37193 4249 2775 74 63
488664 155744 14839 21596 41210 20011 9924 2531 61 53
1440452 462107 236405 148296 147499 98826 48260 6091 56 56
1054431 88339 39030 24760 29059 12049 8295 1753 51 61
431461 28932 18350 2618 8373 14370 7022 5159 56 69
519004 710336 13081 55945 119101 105633 23397 6870 61 60
352765 83618 18648 20229 24382 6768 3875 3379 48 51
489526 219179 11533 7782 33239 15087 9357 2797 44 24
120441 17194 2196 3306 3657 3539 1591 550 35 17
863447 230728 121426 81708 28118 60245 39567 6387 35 47
2747410 208865 34146 24020 43505 36360 12836 2235 47 40
1952490 211361 84905 22041 29876 22500 9369 2763 48 63
1600087 75732 92590 24671 34573 17191 9319 3029 41 81
142670 24286 2648 1037 3960 5275 2743 215 48 57
977153 852801 87905 36153 52310 112328 55040 18368 47 50
754882 168576 4970 36182 45930 20124 4228 2679 51 40
1631993 904769 111432 90655 25534 73192 38332 9883 44 20
45212 19008 7488 4243 3550 3559 2053 335 35 38
627498 445130 47043 50048 106648 55990 32194 9410 30 41
792254 60074 25171 9356 17966 11759 7433 2653 37 53
1881012 234149 49343 159143 24484 78202 57512 12751 53 67
524112 81258 34208 44106 16113 25938 10013 2497 60 70
125616 40751 51544 41063 54325 22326 10297 2700 66 93
153954 130113 12726 14937 8661 19069 15715 4026 66 81
639215 144879 29279 18107 9435 15966 4071 5856 56 70
1865617 783080 62458 79985 75082 65524 17216 4865 41 53
306038 63948 35329 14498 14908 25179 6117 2742 48 47
1957155 337955 349190 35216 68927 90482 42713 5829 48 66
601750 11207 4783 709 11604 2122 715 610 54 63
1160447 60938 32818 21479 20285 15627 7892 2280 64 81
135567 20886 661 1881 7221 1932 1886 842 50 56
162013 141990 23076 11273 24042 6529 5353 1208 29 40
108613 152942 8833 20005 15479 10449 13560 2519 17 38
674588 98369 22591 11592 27675 10632 8030 1682 8 26
928976 13814 5097 10377 11727 21381 14604 1934 34 47
39046 18812 2864 6914 1780 3706 1726 825 50 54
586490 51283 6110 46396 27106 8956 11248 2406 54 70
1044203 83850 13339 16194 17368 8066 7290 1746 51 74
757405 77880 72537 13487 22272 31129 7454 3068 35 80
1427688 72591 25118 12020 14267 11489 8064 3499 30 78
1646796 72002 46944 47272 46398 19467 4638 2242 35 80
1281671 81122 9145 7161 10285 21160 5365 2067 50 70
859616 23136 18666 46865 7270 25938 3648 1791 54 81
588332 45117 15847 25247 56463 22716 17124 2026 67 78
733757 180183 260390 63655 106157 42045 29305 4316 63 83
1287958 81341 15955 6851 19159 19494 6219 3212 61 87
1498419 1507077 139818 42792 41586 44772 42342 11805 30 54
722230 188859 17654 9979 14150 11118 2988 2049 10 43
127315 38783 24154 15123 6945 10567 6025 912 17 40
1435966 587583 34563 6291 29813 65201 44362 8202 11 23
254723 28019 3075 21607 30130 17769 6599 2818 44 37
56093 168443 5581 6415 5370 10356 2881 5413 47 27
1851379 56410 8289 34381 29407 13414 1537 1117 47 20
88322 27557 9701 4554 3724 3668 1760 647 43 47
1756529 273300 34790 56812 24919 44948 13906 11145 29 43
906412 74196 11483 10780 9826 16023 11529 1387 43 60
1423853 172214 76514 89334 63750 159474 38536 20315 57 60
481919 124594 14293 8652 19024 9130 1513 830 53 47
430416 55238 23984 1296 17024 5601 8503 1862 47 50
64388 5307 2753 1643 2115 1776 991 498 47 61
288173 83047 2230 11103 21125 2512 2278 540 11 44
1497272 272819 37533 30216 12862 20317 10437 3768 11 51
1009927 295087 8852 30627 34127 24069 48282 7412 11 37
619951 65192 9731 10624 16425 13794 5369 2539 10 24
1651829 598609 87853 97716 101252 52936 24980 7387 21 35
1915843 399901 9046 40977 67316 45896 23157 15071 29 23
105926 17431 2017 5591 5796 4518 1660 385 41 35
203759 92672 20102 122069 95003 143567 14326 11838 57 43
175031 101356 11408 14228 9417 9253 6004 1204 60 41
2168264 225073 71457 29432 21253 58753 15787 12712 66 57
3478004 85304 88294 104090 48438 45673 32781 3912 66 77
1621025 22326 40921 13164 4148 19366 10003 1153 54 90
2052555 170783 64748 59632 37610 53639 24169 9472 66 100
1721805 65807 53639 1227 18188 13787 3813 4382 60 100
878776 532354 60528 97832 48680 34402 36264 4031 44 90
1358010 260583 155965 93996 48856 100649 53734 5057 41 81
269141 80102 5522 6508 12064 4665 913 459 26 63
51242 9321 1004 5625 3904 5394 1486 277 40 54
2114906 23595 1098 17182 13313 12985 6192 3854 61 60
3359820 115202 11957 31416 22181 9992 4896 1360 48 50
163968 110344 18247 9863 49479 10412 8926 3267 51 53
93727 174287 8311 19041 21536 8172 9601 1425 24 41
1925917 49703 14636 10168 23281 12637 2576 555 17 40
352153 121566 1230 11255 7573 22007 4637 872 27 21
1467380 68198 29214 3075 16367 18441 12645 604 41 30
473001 23338 28221 2427 32572 14554 4139 1632 64 47
102521 33137 479 7198 3136 2228 1495 309 51 40
1507161 338703 92011 83174 67797 35784 25462 3992 41 61
1271720 160342 164020 80623 74927 79916 11163 4557 41 74
1031102 430203 94874 33920 53385 64272 13019 6282 29 64
40136 16235 1393 2832 3745 1720 1101 439 37 66
1733321 560463 212524 240667 210919 75662 39787 6290 37 70
1557906 162721 20123 14290 20242 33376 6344 1348 37 50
2635050 35255 31567 20616 19167 10131 5006 848 37 66
292854 42883 3622 1215 11717 6747 2491 2662 43 53
2954083 38286 38439 34866 19196 28255 12661 4895 57 57
863929 249607 34897 56630 23178 14683 6494 1250 40 67
1228570 100506 24859 7871 9753 10086 3456 3012 34 53
675065 122769 37180 35320 6088 15831 9895 2701 26 78
1361579 53244 31137 35528 4361 17350 18302 7006 20 80
1828740 288618 5978 23098 44998 43810 21684 6922 35 61
220030 99912 10269 19967 37176 27891 4977 3474 50 54
959324 136825 36139 15643 46349 16276 19604 2110 50 47
105118 18284 5641 4398 1973 4575 929 818 51 35
561534 6277 5680 576 2823 3206 830 194 57 57
1925236 121814 42682 26346 22198 10590 11430 5458 41 70
2083812 248856 47605 36860 23320 48346 10905 12465 48 74
2043226 72516 85360 49217 46879 91899 10058 7720 60 81
1465636 880477 94618 41187 37374 25073 20420 19016 30 64
1190577 146540 68342 25456 21329 42706 12900 7341 48 64
1129739 135465 24743 15332 10295 7732 4502 1384 35 63
619667 148889 14398 12696 14365 6919 6440 2295 7 44
2176532 142823 7604 9776 9025 6013 4614 779 11 41
468097 78549 1780 30198 9838 5143 3519 2116 1 38
1810334 397449 27555 92355 54431 19667 20002 4524 1 38
667377 31636 27191 5951 20003 8989 3948 1859 7 54
269882 58460 25280 20801 9587 14562 5965 2616 24 75
613450 304717 28775 40150 16321 7525 6854 3274 16 67
823989 181156 81000 23198 107919 24297 17418 7044 26 70
927633 225937 89922 63546 59696 36972 20249 6242 24 69
524614 146955 49397 32441 17095 52236 21842 5496 30 63
844171 267657 35219 94246 67568 21226 25908 5487 43 70
1082581 321512 79966 35272 29352 58746 55336 6730 48 69
240903 41711 4522 769 23464 8881 4156 2943 56 43
879181 377545 70741 67231 94833 34063 28567 10984 41 40
666228 52083 18959 21504 28683 9959 2095 1117 50 41
987786 64376 31824 13542 9781 16766 4292 2191 51 48
874992 50976 11969 12714 26938 13208 4752 4685 50 66
1352216 173144 100220 91656 81158 69257 54476 12247 63 77
2432483 555447 88305 194632 61050 83691 8503 6703 63 77
91191 43983 8160 2867 4016 4692 2485 807 54 64
25878 9431 609 2060 12339 3403 1496 568 61 53
217650 46846 3834 8405 5864 3889 1365 866 50 40
858517 23314 12049 1280 15815 18385 5014 2361 67 30
780295 274968 108572 38353 95094 20438 20346 10324 61 40
1264870 51354 13540 15807 9559 15281 8125 1828 56 56
1406352 257298 44016 130883 100836 29559 10966 11353 56 66
770404 815176 165335 99810 65060 47027 19505 3182 26 69
225411 34258 7029 1457 5023 3008 2126 744 29 61
792012 79769 18969 16212 56334 17983 31527 6026 26 54
74532 10384 4639 5733 3632 3485 2376 777 38 57
631746 72153 32021 34778 49211 7006 6583 2928 40 66
1463097 55335 7077 30020 28893 16288 12857 1424 51 75
1243942 67403 197139 47543 58382 110507 20406 9798 61 94
230610 11171 3311 2289 14961 13626 3163 3690 78 75
82851 16804 3377 6265 1555 1477 906 647 80 74
879737 394498 97499 64839 85315 33500 26239 6494 66 69
95633 61199 1047 8838 11959 6152 2423 914 48 43
1390478 178362 41652 165258 94468 48128 32726 10666 27 63
747311 117622 35276 200097 34862 110258 23298 10270 48 69
399035 59724 10889 6475 12978 24238 10963 843 64 64
1321667 316831 34288 89130 45126 71577 30333 8417 74 77
884628 98263 11459 14924 16390 23027 15952 3222 77 57
98890 6704 13602 3642 2202 2996 1003 330 64 63
617745 415451 6631 5892 27643 11124 2565 1674 37 47
444530 32377 50511 14897 8068 7785 5450 3754 29 63
886000 52448 10776 9120 18822 19351 7080 2091 35 67
329909 61121 26790 5392 8698 10814 4342 1536 34 54
1521556 543741 10896 78774 147234 50121 22335 6104 48 69
371387 37856 4975 6792 20372 18690 9563 2062 64 47
60206 13327 3216 4746 5823 2952 2294 404 56 51
1306432 184103 79544 29170 30384 21776 21018 2925 51 53
811318 97844 6892 13090 6040 10462 9313 2834 51 57
1679570 850927 59096 119006 132431 36257 19180 8600 24 57
780158 84497 45668 4998 26260 20662 4071 2639 24 57
400051 111268 6689 14984 27696 12439 6454 2528 27 44
735941 53617 12216 4629 20666 12178 5296 4094 35 47
451805 61796 61090 18646 21900 6131 3678 1322 37 64
1775767 59786 63520 29762 42385 56797 4545 6340 47 69
154368 76092 11256 18469 11634 4591 8343 1548 38 80
479206 316994 116427 72465 64895 46382 16487 4468 30 87
758209 129541 166045 22667 38142 33961 17768 2260 43 87
507681 543158 39028 94790 73543 55700 24063 5941 26 75
575168 66274 51223 22133 15644 17150 7085 711 38 83
160156 78728 22481 4833 13510 11093 6405 1647 41 80
2081308 370656 62092 14373 19821 82062 63411 10507 47 61
68216 9269 8613 9183 2948 4590 1146 277 54 78
14197 3629 3953 1224 4441 2478 1479 311 63 74
1988459 210477 123363 75933 87218 72465 9925 6501 69 81
601896 35734 10882 10364 24398 8145 6590 741 66 87
1918825 347544 14143 158704 57911 53599 25048 6992 61 77
1362680 250924 42688 55894 45980 71568 19727 5578 57 69
418049 124379 23088 21837 3429 10785 6695 4581 47 63
196584 699301 144138 41786 61842 39922 13346 3965 34 61
2083162 88844 50634 174444 28995 41063 21199 10126 35 75
131477 312403 91929 73401 96889 66180 20982 5545 30 78
664751 272487 39381 47802 42455 51150 48558 19247 41 77
233732 106675 13806 10595 25468 14203 8394 3039 50 70
1260412 220986 40873 24827 83920 37592 11850 10340 50 53
1398791 110995 11907 20508 20336 11149 13311 1951 41 48
256791 57351 5626 5020 21502 8418 2994 1139 40 41
968632 418785 26557 26380 23067 16912 8231 1266 29 37
1252330 92608 14273 11663 5443 9571 4185 1047 23 38
1106825 49558 6149 22680 9078 16419 2890 1411 37 43
170302 54170 59556 25477 13165 15200 6728 1531 35 64
1346241 372495 40499 35291 69348 64833 34052 4088 50 67
953424 296723 112258 78085 43288 45914 41766 10628 51 77
121911 64579 4913 22314 24459 24255 5738 1287 53 70
1325686 639784 103544 48194 95163 31981 15882 7491 43 56
347843 107447 9657 11457 15085 30136 5779 2480 48 54
395594 228106 1639 21333 23221 24735 6270 1449 48 37
829569 243013 10643 23480 71290 29341 21289 5365 38 26
756032 62111 28596 91606 22002 50361 15754 18172 60 41
770798 5655 1985 4854 3366 2852 888 1006 60 56
470758 69041 4427 14886 5759 12276 6372 1643 63 67
697758 73468 19977 15865 7787 10891 2200 2277 61 81
528855 288005 22408 78580 35485 56075 19575 5750 54 69
41496 7798 4478 2660 2429 1827 2163 214 48 69
466369 21339 20054 17904 15547 10298 6784 573 51 83
913589 115540 13601 8942 19267 7630 4476 1179 44 74
641702 337201 22125 90671 106413 19443 9908 7926 30 70
901372 183710 111651 46228 20677 22634 5944 3296 23 74
1818640 249768 14478 21166 33794 44101 9871 3091 21 53
114642 5573 1218 2651 6073 1920 1072 440 38 60
2814529 213578 16376 19951 69404 71623 18535 9541 57 51
764314 39463 17413 5167 15277 15970 4922 809 74 43
409212 499862 211237 38017 54056 60930 6465 3787 66 56
920227 8446 5157 3111 3811 2256 925 249 61 63
262437 72594 6781 11180 14155 8994 1587 650 48 69
1020429 344824 46833 14556 34269 75755 24612 2916 44 61
309089 79702 28686 15370 15006 6240 6220 1057 40 61
376934 43982 8647 6535 12754 3483 8585 3343 29 51
564137 126825 17002 63820 89624 34331 11197 8383 37 56
2644339 355787 237952 63068 30934 36258 20599 4941 23 75
449069 281111 16594 26919 24808 10963 2314 2086 17 63
1590640 189916 16383 42378 29258 42194 10072 4388 30 61
1221875 119632 32273 21931 49727 37579 19509 6715 34 61
668862 30820 7455 6666 9664 20311 1303 1358 57 48
2406042 305122 25618 49878 81258 29917 6767 3613 67 51
887724 57710 8820 5544 9528 11812 14608 1589 67 50
1669061 506501 203219 27153 45068 68597 30482 7491 57 53
1764192 17991 6025 7213 14713 10203 4731 1531 53 56
1119345 195274 28514 21962 16790 14497 15552 2854 50 57
17798 24978 3903 4037 3095 2608 1752 623 41 61
250611 110981 17428 20602 13570 7147 7441 1887 30 57
1032759 375224 74535 18047 94648 83390 24697 3852 26 51
139639 151381 34043 31546 12067 9889 3139 2410 23 57
313412 14350 5142 1673 1885 2197 1012 859 26 61
1000677 98101 5741 39601 78251 21289 52011 2550 40 60
1302895 176225 37698 74519 41362 36406 14002 5510 37 69
692189 86066 8243 8614 20938 17392 2152 1330 53 57
249451 69882 11986 21105 20696 9305 8765 1410 51 57
1507597 14557 14697 5914 20845 18345 4498 1941 64 64
608676 216748 27023 15195 30747 46050 19032 3651 69 53
609526 43555 5814 16548 6083 17420 3980 1062 74 61
384465 99651 3036 28883 10606 5047 1464 1784 61 57
499648 52118 4587 9547 24668 9856 3502 1138 47 48
1885686 62060 24062 7911 7215 9709 4936 1537 41 61
740250 160473 36479 62872 60369 48499 19618 3177 37 63
220322 24291 4893 1248 2543 4277 1459 202 53 57
71205 7250 2571 7117 9646 760 1153 129 40 74
641711 45617 82883 79307 43909 66183 20979 2048 53 83
108385 23593 1725 1110 1752 3060 1558 596 48 67
124740 9758 717 3769 3988 2211 572 248 50 74
319226 36399 7939 19964 9223 6021 3883 1468 57 74
30387 7484 3703 6704 3774 2356 697 321 48 69
1017414 244718 140382 38041 63860 78869 9558 2127 53 88
354408 85008 4778 18719 15584 11588 9041 978 48 84
817933 379394 43906 8722 24718 28623 18003 2748 44 66
792001 78757 157752 27240 53881 39777 19484 11610 44 69
935902 33193 10485 26210 3297 9340 4832 561 40 77
76740 17002 755 3087 1686 2866 970 175 43 75
344798 61565 54915 22439 28754 8301 5007 3129 43 97
883059 60882 12711 14858 20279 8081 2256 1025 40 83
256366 28874 7271 12583 4004 10897 1622 1711 44 78
2245289 156883 3753 63891 34108 35543 40713 12581 47 83
71864 112413 18159 15992 7386 6817 2752 1204 44 70
1000245 78007 29648 7519 5288 9848 7785 4667 43 75
1025186 130079 3577 126321 92469 18116 20716 6263 27 77
900871 423278 10509 73769 31352 78688 9806 2109 27 67
1307121 69828 41238 47264 61368 39860 8422 3672 47 75
2175035 149382 11654 27272 35427 34689 26128 5822 56 64
131650 35356 28628 2555 8507 5628 4943 2203 56 66
2409833 112088 24339 14011 38186 22116 33554 3106 56 70
241826 72393 13233 18016 21198 4467 3234 1639 37 67
1340052 122587 105242 69133 70005 20662 27637 3636 24 84
566183 675500 20387 34566 9559 25247 14372 9496 16 60
105562 58852 14938 9449 11233 6980 5172 2108 10 63
62635 73718 2121 10167 17813 16486 3240 965 27 50
286473 28440 6906 8870 8128 8732 6576 1514 41 40
1107094 434311 44921 12820 20976 44713 11762 7467 51 44
906111 822408 92830 52987 25742 40780 14823 2011 43 37
1425910 118713 8162 4679 5990 10223 4644 2969 29 35
1154928 160260 59375 52622 48370 39770 6667 4427 24 37
482254 285143 38342 82868 70367 22300 19524 11826 20 48
971833 296102 64671 41379 19604 24405 9761 8657 23 56
180712 55301 34693 12589 6685 13159 3443 1123 30 80
700560 33085 10084 12030 14141 13115 8517 1827 37 77
508609 61799 89288 110378 135445 43332 14018 2532 50 88
2727332 240660 30112 64361 117140 38714 7827 3173 57 84
583387 59521 50144 3208 19171 7208 4638 847 50 87
983741 135109 61215 23303 82722 26878 19629 6208 43 87
874326 141850 32857 61344 81243 35343 10800 26760 43 77
769880 327320 35922 17391 52368 29630 23568 4396 38 69
568748 1080863 84879 40981 73469 15018 9147 3453 24 48
616191 25979 2091 2493 8750 2236 1702 277 21 35
788679 112271 3115 15234 39081 8059 19751 1861 16 21
1262470 94620 24933 51432 61814 34740 11965 1675 27 35
682265 130938 14642 72950 88795 26345 13417 5206 51 48
901528 792777 96305 42718 39713 46131 16933 4842 47 51
1467727 240725 42190 27611 30814 20636 24582 4033 48 61
571926 45725 24254 15447 38313 10886 2854 1220 43 61
1272690 71165 25589 33041 36003 56985 13054 4532 54 63
608967 383863 38074 70573 48059 27214 12819 5189 56 66
83760 5970 3427 1515 3579 1217 1213 565 61 74
