1982931 857771 41757 195398 91103 137986 167496 40152 51 21
243302 55701 20365 5677 5456 15153 13998 2839 60 13
61722 33338 11024 3706 743 2280 3079 294 54 37
351730 83732 10639 5001 14109 12102 12924 2831 54 37
228195 58043 9569 10400 2945 21248 7983 3442 66 38
1288761 164788 75460 28556 19025 39279 32558 11984 61 41
1021938 23454 3275 18665 4384 8421 10902 1559 83 47
322539 359970 34987 42994 47013 62826 57271 51299 87 47
1470134 223800 33278 21067 11253 20122 49008 14316 64 47
2573270 1652171 70303 230746 74671 157905 154127 61844 57 34
2254977 257483 37880 29798 27521 46445 35339 9407 53 20
925139 183319 101925 69235 13939 33208 13184 8159 48 38
884432 1358180 59814 60829 32552 90327 148670 110612 47 26
2106232 133479 22613 19154 14062 41531 79225 13840 64 29
1486278 750399 10874 19537 15627 43180 49471 7445 50 14
2210474 1072173 113867 70132 140878 104016 63938 49271 47 1
786474 49904 10803 14080 7889 26199 10729 3144 69 17
1132447 491091 268430 118301 8773 132372 90539 34681 63 34
110264 58802 10604 15797 3410 14592 7358 1152 80 56
1849250 208119 106805 9946 12541 29160 32199 17723 83 67
478109 36663 12148 7211 6151 10311 5583 2088 77 70
1179791 166942 11964 22233 16536 26533 19093 2075 70 57
1139780 148247 29566 17077 19471 6695 8455 896 48 56
832358 315726 8915 19003 10743 14243 5681 5113 35 38
1082481 70861 29128 10204 43051 35416 32972 22564 43 34
611670 147553 29578 8972 22300 47405 12584 6126 53 34
743970 101531 70866 15472 7926 53240 38783 7181 83 41
1904133 238433 139111 42517 76993 134836 132804 34449 100 57
157328 22843 3611 4181 3283 10058 11540 1019 100 57
657288 444778 186326 99382 78744 158845 113863 10987 100 66
374165 198407 55796 30642 23684 42437 65078 30517 100 60
1016066 233715 53167 40282 7410 73728 9888 2961 100 56
1054948 184746 30846 10375 30653 29975 37424 6927 87 53
164523 58138 21278 14022 4827 9992 21773 3966 77 56
45196 56077 7756 3896 3008 7253 11079 1034 70 50
1089826 1080686 593516 75682 97690 196055 178382 42950 57 54
770608 39961 4812 11079 6306 4443 8167 1568 50 61
1641527 88721 19859 12942 7765 34655 27214 4904 64 54
1062276 240022 57406 32177 19356 33517 35517 13287 64 61
2743013 59884 10905 27874 8694 39270 24562 12376 84 56
1785018 126295 117027 49061 59902 62968 44068 4612 100 64
268325 286802 28948 29605 11485 51628 75968 9570 90 61
118230 38857 7969 5430 3308 3724 6470 2197 84 61
2230853 963230 148907 132650 141249 84316 167279 68332 57 56
2910413 330034 13284 16192 44747 53453 24734 2308 53 30
970432 73465 10504 5343 2151 4127 11182 1444 38 34
1000726 130099 66587 15228 11057 14377 34361 8686 38 38
1650519 162164 39894 20546 8194 95527 16248 38599 64 38
1287925 1508503 87608 95596 61540 80800 128244 43716 47 43
1625506 120005 56568 7262 9089 14385 38188 7135 53 51
197765 89477 20408 37898 10193 20666 26208 5052 61 51
438383 171963 97610 21251 18395 19564 78615 10866 35 63
52380 29541 11274 2270 2294 7763 15628 1450 56 77
107692 50966 36941 14786 6947 12931 15790 9638 63 81
417110 26510 20451 14472 2467 4519 12080 3973 53 88
985100 229519 22103 18194 8416 38448 34155 21561 64 74
2334861 412245 175946 16806 20416 50467 144456 11271 51 74
949121 257767 27604 13031 21858 34725 19931 18111 50 54
973586 338717 30710 27112 10364 15187 63277 5851 40 35
328119 73961 1887 9359 1400 3256 6252 1079 20 35
299867 19243 9978 6830 4281 5991 10354 1874 29 38
1257360 170595 29421 29993 10490 20156 44579 2840 24 48
1133696 116646 66649 6803 12790 33634 39788 5872 50 60
1047086 191911 52425 14499 25566 31296 48839 3686 67 66
1282523 161278 68376 36429 2840 16976 31937 5031 53 66
3067777 1691801 721032 62611 157019 327190 218486 126011 60 66
2328643 234261 9845 12310 6980 33380 55995 13406 54 48
719445 58856 70098 135388 13918 34321 59296 27899 54 67
856694 175976 163425 257026 22343 86100 129524 13161 66 78
242096 104193 6738 9287 9626 19764 23774 4797 69 66
886223 434627 858588 41445 105002 274706 413371 81079 77 96
560884 46353 31112 9928 23404 22338 8567 2053 88 81
1177168 194057 12419 32145 14196 44805 17469 17696 91 57
181322 46250 7641 2882 6276 8557 10475 3023 91 61
870658 118581 30555 94574 41678 48159 66813 11239 90 56
708410 98250 23235 28258 50631 40595 77569 9002 90 51
906063 88305 187029 32455 35896 27169 50418 20149 80 75
483805 26714 13092 4809 4522 6732 11564 3158 80 84
1803999 247070 23745 150516 35792 335573 302032 41149 90 77
1249015 212341 6289 18358 8263 38423 91333 19238 78 64
96583 81486 35494 2374 4678 36498 5157 4344 88 48
124128 297821 2124 52771 16679 34791 34194 21071 78 37
1684486 210204 511007 220295 48223 69116 668236 36398 50 56
952181 133173 19675 7936 10557 31066 16671 13308 53 61
412876 254098 206467 147883 79936 228733 77445 20242 54 64
713122 35829 8015 8626 3159 6293 15675 4134 56 74
1568523 260544 389223 185882 14847 115152 132342 30815 64 67
1042276 734132 128265 147144 41449 166321 90784 27298 61 75
630775 85710 32104 23838 50092 28604 71660 42632 54 67
1571921 184104 41004 15390 18806 55649 79783 24913 63 63
617910 102345 55404 18521 17343 30290 44714 10027 64 51
1156701 1025279 163585 78344 64443 85620 440395 72069 54 48
625633 310588 12047 45691 16999 44694 53903 4039 48 40
1462850 328744 27667 55249 22870 24562 67976 13485 30 41
1002135 381767 75408 69036 14206 32238 62414 32194 17 37
646215 190453 33829 41678 25818 23584 41520 38307 20 41
509029 30256 4880 4965 3025 13551 6751 11880 34 44
905996 1349080 94844 27097 37005 125644 204554 22720 38 34
1673398 86726 6828 28523 16492 21390 31644 8749 51 30
1826827 543077 159037 153719 21652 186871 141304 15712 63 35
469174 357968 29314 69101 9507 14834 35676 6457 35 37
580202 131919 72823 39048 37564 53832 112378 17238 47 54
567741 249544 42259 44633 15864 30129 84080 7770 38 54
1424742 206327 54708 15897 26406 73716 50363 14935 40 48
586517 70050 17785 5011 1983 5733 13247 1437 48 50
1079158 215284 15653 23602 37262 29423 41378 10526 40 37
444344 47803 12348 6619 10817 18742 20627 11047 53 37
522215 68709 2347 14015 3095 14026 15180 3922 48 35
912057 50027 9120 5900 1825 16265 40653 3167 64 30
1055989 699828 49556 97011 51610 103066 202997 29141 64 34
114312 31197 12704 15324 2890 6574 11845 2091 53 43
218462 132243 7201 11172 11873 16481 16222 4340 50 38
1586371 491981 474307 133697 161553 142921 273918 58961 41 51
160416 29187 19795 6006 8265 19269 11111 4133 53 61
431287 17496 2039 12709 5512 8272 5696 1951 64 56
70326 137640 26491 5953 3135 13376 9090 4670 61 63
153850 38911 526 7452 9261 10644 8960 2115 67 47
424353 26098 16358 9256 4131 10642 5932 959 63 50
1208020 290557 138512 50765 6995 41611 55231 22077 48 51
931907 469743 23678 55219 21475 71959 46503 18037 53 47
1607799 334856 22885 67239 35007 30551 50503 31663 40 51
2170788 538107 58575 12498 36377 67201 140789 59931 34 35
108471 37407 5521 4414 4277 2524 12462 4257 26 26
184623 105666 10798 20200 12753 17075 48380 9405 26 30
1370958 1384910 198775 372481 69474 89584 166622 74233 20 37
301970 320810 30103 31314 18512 25077 49817 17569 14 40
1743218 75622 21865 26509 9766 51718 27582 19104 38 43
244203 127898 24230 21240 8538 25036 13841 8267 40 47
561694 146625 50930 37851 14595 29018 66040 8923 53 48
182415 14566 9235 8546 900 10166 6588 7156 69 63
772398 736013 15823 6580 2827 33140 49170 11346 44 41
2319412 572244 516347 67828 38027 152518 217142 90304 44 51
249599 40381 10515 7208 4821 12870 26391 4900 51 50
106700 158263 9777 4987 6376 11133 30084 8138 30 30
213162 216967 44803 37286 4836 16323 76532 13420 34 54
1054054 80415 30673 21431 28478 87183 47205 34363 50 44
1740205 1437755 231781 83868 197615 77387 139569 49133 30 40
1397250 97391 11668 11444 12598 35282 70009 31575 50 47
1990150 122987 28574 31506 15233 24266 41132 8737 61 47
2323237 861391 170560 372122 47474 149104 211113 75159 41 53
2817867 130173 21664 98927 34807 39412 96985 21448 56 64
960420 226151 66433 49401 30696 22463 50192 7593 37 74
135040 83088 7714 13748 9082 17508 9136 1123 41 66
678632 1158022 56387 106422 119938 48534 349312 164122 26 53
826328 85310 18599 66736 4449 38866 42608 32196 30 53
975039 114358 89722 16777 10158 18106 47332 16612 35 60
762640 90446 76326 24222 32109 38428 73254 13855 38 70
574342 165385 26013 26417 30895 23199 38704 11670 51 78
782235 149995 25793 33192 18418 23075 82482 11958 43 70
1327897 260015 122091 41628 12752 46965 116636 32398 47 66
1836943 149153 121120 87625 21426 180083 88922 26555 56 66
1986945 148809 195401 38331 21534 66724 40631 18476 64 80
1809139 179210 74870 47950 31516 71536 66877 42621 74 83
1357268 376827 167748 109547 19708 67944 68218 38875 74 84
2777076 184812 63117 40462 99745 57371 72398 25497 63 78
526565 310137 21535 29179 3747 24852 14858 7308 50 60
1205985 123571 56670 37160 10294 31317 42658 6446 44 61
90402 22829 3180 2896 814 3571 5450 1935 44 51
131393 65545 16241 5782 6339 14878 4680 3302 43 50
884201 190892 43417 30178 10630 94025 89470 11128 61 54
784244 3052765 455880 367226 86161 118523 269543 36866 43 47
1520635 113027 9402 12480 34956 47216 47967 16840 54 41
1550395 463743 51983 89203 18985 22393 133299 34798 35 41
2205337 300034 108155 21632 16621 104338 77652 27073 30 44
525435 101902 8038 12513 3456 13411 29544 3841 47 41
816662 805930 127493 71736 81113 82181 409143 61433 29 48
1820868 240792 62063 37943 16093 31794 48615 30462 43 50
880038 124598 98457 14408 19752 35398 55229 12190 38 56
927373 54565 32320 22231 9954 15244 34172 4720 40 69
623741 189363 32876 3087 20917 19008 39527 18381 40 67
1518065 291990 31581 18638 15152 30405 58640 6897 40 60
2164153 123914 89333 10900 2356 59249 49276 12125 47 57
990104 295426 23219 25428 28420 64992 76588 5973 51 41
2798677 108400 119757 28838 38914 80657 162452 86711 64 54
803424 15557 9954 5924 3679 5739 7875 997 74 69
1527636 184238 147897 206984 82783 114048 122037 16051 69 75
2013867 101300 5487 45415 9960 27028 49990 4804 67 84
243265 111330 66725 32896 8939 35136 34200 5391 61 83
100327 14214 1979 573 1379 2670 2409 731 60 67
272590 119806 70380 14420 14508 35564 43004 6254 57 63
75197 62876 8263 6179 1991 5024 12060 644 47 57
626307 152726 11737 12235 3466 15130 41756 12496 38 43
900175 401200 229744 49781 33249 138538 166973 19329 41 54
2338835 734464 489760 21236 50760 145062 197648 27621 37 56
91728 81355 22785 2786 1690 7176 15034 2442 38 57
1271910 79602 54446 13363 6427 39876 22270 5670 51 70
230358 38401 4679 12464 4015 7887 13057 2468 48 67
173929 78242 2599 5512 3686 6063 20411 1307 41 51
234502 28367 13113 10733 1529 16933 13225 2443 61 57
1114133 87196 45749 35076 17768 80014 45640 6660 67 54
172935 34685 7141 10740 2898 21859 9670 3944 80 53
389108 518029 14764 14403 7236 39995 70200 19358 80 48
1475382 280701 14204 53061 23013 69327 114205 16710 74 38
1804250 214965 20292 15656 19756 44703 50028 9443 61 26
1675371 168830 90333 19225 13769 34090 34664 4662 47 30
406472 279618 75981 16016 4919 38483 54821 4792 51 48
448948 562046 11120 30973 16732 23476 63651 8305 30 38
1062349 296568 16473 16164 7964 45029 42351 23514 27 37
842043 503327 39100 22623 8983 91406 30252 12871 30 21
623024 102816 18422 29555 4673 55761 55200 13160 44 21
990741 312062 3340 73991 13109 88136 25651 10750 67 30
181970 24080 6542 9393 3710 4568 10476 1284 66 47
1283650 973670 24029 48036 51910 129654 92257 10060 63 41
254217 9726 10395 9888 5125 37468 13017 1380 74 44
1353293 664619 263967 84457 53589 185629 209565 26736 66 51
1964826 85224 31313 32252 10868 28610 28158 4524 67 51
539060 24582 34581 8952 12342 7201 7124 4238 64 78
665736 110907 11662 34561 32914 32713 37142 5594 44 75
579203 45810 8628 4167 8489 19072 2390 1985 51 66
721247 143551 17589 5534 4993 51810 18544 4399 56 53
775060 443212 34417 146874 34720 80171 37156 42972 57 41
58220 8835 6408 2593 487 2582 3687 510 54 51
1912550 394209 201801 307576 22552 74309 127743 24529 41 69
688000 66359 9719 2309 15595 51795 21844 10652 50 66
827345 117117 69581 51373 9432 52913 55980 15760 54 74
170232 27955 1910 6092 2016 8377 9887 871 60 61
717919 202111 55083 23957 12482 19703 23723 7270 57 50
602046 278659 28865 13404 19361 43944 54862 6877 41 53
1714025 355795 259684 119223 46466 79964 110279 17986 34 54
829079 119958 2961 36489 13098 28691 60054 1928 30 56
1991706 716209 40090 97564 24657 167967 120283 18287 41 50
52532 38925 2975 2659 1807 4480 14766 1271 40 50
1912412 577415 43853 79503 24788 76127 64963 38411 40 37
367229 32574 3933 3482 2637 11513 3705 925 44 30
2137906 235763 89153 174276 49112 105018 137434 31041 44 47
881144 492064 62027 51874 26104 140929 61543 38688 53 50
354087 199548 27364 13786 5919 17801 21743 5749 48 50
1759753 139606 42262 20331 16323 18036 18538 8969 37 57
2342493 94181 91342 11553 7933 27779 22717 16082 30 57
1189275 289602 19700 12719 5389 33026 21818 8716 24 53
84093 18687 1609 3224 2408 7807 12674 1921 41 51
712184 405602 36053 15855 22804 36508 30804 6139 40 38
982877 352231 69565 85143 29025 249873 150671 36863 54 27
2199120 513354 24699 68204 34083 66743 108792 25452 54 30
344766 142567 31696 25048 26062 62941 52764 2732 53 35
2775909 135174 38003 16254 26171 94894 205746 13754 74 41
879952 5723 410 8809 2296 4228 16291 4074 66 53
1429251 133396 62283 26947 35809 93846 83472 8169 80 60
624686 159284 33572 15891 22740 22836 78229 4138 69 61
1006235 712643 157487 98359 46543 99902 252239 23414 53 64
1453386 46804 32964 13814 7566 18838 37629 6192 50 61
861410 270693 14954 6356 3003 20269 32809 30951 29 47
378738 62551 3648 8271 1688 4919 8201 4222 23 41
175089 93670 4155 26123 11904 19883 29036 4668 27 38
645748 166603 5561 40753 9083 21192 38788 10760 20 27
2364236 668771 18799 49659 24688 175760 134306 11458 34 29
230442 57005 3287 3818 2144 7839 6512 1329 40 24
1193049 48356 7121 16963 4879 16096 19620 9308 44 27
812414 277126 48970 27124 20207 20112 51208 15603 38 27
282681 10756 9278 5638 4756 10653 10462 2633 44 48
825914 137417 44911 30917 4379 68005 63502 4390 54 61
586637 243712 43735 36396 28236 30226 31534 7966 44 57
161031 20938 4015 1410 851 9348 19489 1781 64 54
449787 21906 25651 6322 3520 13848 14599 2059 60 57
282068 29027 4545 3124 1419 12519 14198 1619 61 50
691039 99703 72758 9354 24615 31703 19335 7248 67 57
248199 46515 14770 2608 851 6439 9900 2216 53 64
698554 397073 24834 56626 33502 64020 68928 21448 47 48
306963 127064 29863 10590 4458 12710 22524 5107 29 51
2078642 338300 93124 55806 17769 66538 222236 122699 27 48
1841888 138244 11629 54478 22103 18743 32311 8400 27 51
868395 290184 2759 3594 4811 14941 12403 28534 17 37
1057047 175189 72534 118596 29309 65983 131094 26749 27 47
523299 239104 12032 4312 6103 15975 20423 3542 17 30
1863862 92222 21408 49445 13986 42106 30182 11707 29 35
634093 480343 6673 26501 18107 36518 53489 9118 34 44
629736 64505 31090 77203 22531 18837 68410 29133 27 48
1824218 115728 48006 31551 3153 37406 97101 14958 40 66
627073 371870 3265 25303 15582 29287 52362 18116 26 50
1124660 423281 238588 242226 31136 106762 152889 66595 34 74
1179750 707679 95828 43664 19550 143411 106682 36687 38 56
1247960 115466 14647 7768 7065 19030 51950 9889 34 44
2310542 372911 190132 48497 21221 93343 114067 10417 40 63
1371875 399586 101760 100521 62923 175669 163984 13080 48 54
291550 8991 4973 8791 1799 5416 7642 1049 51 69
928140 270939 21969 16798 2142 18990 19765 7544 43 67
568835 106216 17724 1991 14321 19601 58351 3356 43 56
662309 249916 38139 23930 23762 68535 97157 43513 41 51
1691466 190190 26215 19599 25571 77975 73889 30509 44 38
978452 65302 7280 8340 8971 16951 19035 8220 57 40
559280 545243 60992 18410 21691 104617 152020 29885 60 38
917238 143072 6518 6102 2515 38517 20157 5240 60 29
1030837 54365 66788 14563 16006 29449 38531 11057 54 43
299097 13236 2238 4298 1280 2928 3930 3339 51 50
608027 33150 12478 2744 2617 2610 11040 3734 40 60
2427487 351687 18082 31653 22819 94285 163836 63472 40 63
2345004 83151 38984 2442 24800 89121 90006 49530 51 53
572821 886857 107885 9131 18949 75250 155704 67024 43 43
712455 426772 25377 46084 24590 49556 99449 64030 50 34
1182171 60546 57846 3483 11636 11609 122502 7943 40 50
315737 176667 74982 47282 55586 41986 87900 34481 23 56
983695 187244 6225 19069 4122 8919 32013 12471 17 56
910300 95469 13305 10541 19371 43266 47841 4906 30 56
57440 13072 3165 5691 1726 8129 8202 1270 47 51
153378 169877 9514 12641 11747 34389 19888 3050 50 38
34194 103514 7798 3326 1543 7837 3321 714 56 37
408059 782798 84176 127884 29174 238465 69510 51988 51 38
169567 39183 2351 1593 3585 1698 7939 451 27 26
822291 251940 138106 65246 15218 81512 79334 8842 26 43
2801381 328695 88846 80973 79831 182027 159563 56277 43 51
2381966 116828 63966 46822 25719 23678 76022 53370 35 63
1529795 736785 68969 86147 15104 340337 327798 47697 57 66
1398454 457046 395793 65132 24485 157954 287404 42766 56 67
1265518 718037 78725 46656 27189 56772 108501 64774 40 63
849027 127656 20469 65767 41572 15629 41875 5172 37 60
1670624 775541 52449 43627 27151 104419 154971 13304 24 57
1355675 93330 16359 24616 26812 66054 35781 29802 37 48
802478 80922 7323 7815 20705 32694 164583 7531 53 43
1759015 479563 5760 32816 69044 111909 445111 37585 64 24
265799 93813 18105 17709 7959 28404 13029 17757 69 34
1455051 180652 44179 23752 19631 112650 65010 19603 67 34
1997896 370402 36554 9384 11643 54981 25334 8519 57 34
252135 129357 4760 17278 9327 42036 22859 5573 61 40
360074 176603 31074 12863 9597 22249 40638 6084 53 38
1043186 108992 7654 29774 12460 35285 13560 9072 47 38
104865 25083 8090 4312 1846 2878 22848 1482 41 51
906889 160296 49417 18675 10165 49136 44772 11723 38 60
1771387 121086 58141 26887 5035 34165 44066 9765 44 67
1689696 123107 4017 11184 20879 24499 48382 17092 40 60
2205503 1169818 168056 125726 138329 165349 137533 61305 44 53
1209630 277357 9829 16682 10183 47225 44871 5975 41 40
993102 40066 28610 21512 15676 34334 24552 5369 50 40
1245853 55784 5529 25698 10054 18641 53903 9240 53 53
1389039 151444 18263 19587 12892 23942 62988 5028 53 53
2685139 545073 56115 102439 15135 124541 130290 42939 56 63
609866 1085672 31959 63477 31552 56213 46080 24404 35 47
616610 339701 210300 135735 95788 151917 319079 25264 35 50
1742890 158705 36210 6500 7054 57457 46894 16764 43 50
293843 463020 14571 34799 18290 148216 148649 6641 48 40
2223311 117614 53432 11138 11206 33647 56451 8335 63 54
1073940 576424 12689 19595 30849 63240 87331 16664 54 30
775038 41047 73242 33664 15687 27176 57502 8013 50 48
1878559 348305 84358 33441 57059 53272 86393 33488 40 60
371598 37520 7867 5978 3533 9243 7838 1829 40 56
327136 68962 19398 14487 14603 37283 9771 4756 53 70
504330 970267 94290 133627 75512 64014 117187 27069 40 54
69646 41588 17615 1522 8149 7075 15203 8481 40 57
62968 59817 5570 1542 3266 9269 6859 2670 37 48
837325 199122 23088 20837 26031 31574 88576 3949 26 43
674410 45555 20637 14463 15561 56472 71420 2630 53 47
1154259 169078 17098 17874 23518 56420 21071 4003 61 38
555370 146670 44748 8759 14969 17017 46287 5757 56 50
871679 262940 13304 26712 12862 37741 33774 10378 56 47
1591254 209840 29838 80410 21937 27981 14995 15457 35 50
2167442 536477 208938 208561 42076 262729 159682 51882 37 61
1275730 48793 14914 9767 11211 67482 14984 5417 61 56
2753583 358733 264386 120429 85217 86715 175653 22528 60 70
558131 49155 43735 27761 21893 22266 29392 5174 67 77
851165 175435 47530 32269 10475 39832 8566 2025 60 75
549794 103013 10618 7412 7116 14915 33749 5621 38 70
1969747 288612 42612 24667 19569 194931 194988 44315 54 56
350704 482985 27638 37054 22488 124516 44344 11864 57 40
123023 22666 8665 2043 1371 3792 17842 745 53 40
836938 688244 221830 43164 82193 201136 121517 55521 60 47
95247 17701 21695 4943 2165 3067 13454 6901 38 66
787069 77930 16462 40281 15853 15194 16917 22978 29 80
1297051 30476 8079 15944 6820 4654 7356 9594 27 83
563530 468070 34678 43806 14321 46227 70310 15104 17 77
735192 144114 122760 22020 22309 22930 23595 48682 20 70
