211089 53468 16111 19099 9983 8125 5731 2654 34 7
910789 128576 1333 12177 17150 23773 4711 2666 44 1
788689 307579 115259 52403 57419 27071 25023 3900 34 14
1100716 203487 252101 54158 97345 72460 18755 8998 48 41
1802952 129694 28461 86444 17806 18011 14674 4232 43 53
741317 59782 10001 14915 14151 11336 7957 798 40 70
754978 28468 1514 1711 6155 6636 8212 2090 64 48
234634 385834 47491 69896 54150 34942 19064 8429 50 29
2468759 283776 109099 52093 77708 25768 13635 6133 44 23
1846533 309020 3046 46424 49152 61234 13380 7622 50 11
558574 113540 21799 15912 14598 16108 7382 2651 38 27
249691 18636 14404 6937 5122 4564 2501 435 48 43
2094966 72065 77191 41994 36988 23232 14527 8804 64 53
660131 41794 47648 92727 53055 30018 10475 8572 63 81
774597 75405 23241 16221 25863 40117 21707 3431 83 81
182512 132910 19823 6479 11820 10960 2893 1367 74 61
1607162 138770 44244 8265 6323 13124 6616 2760 61 48
567171 110214 2800 8480 18249 11332 4593 1853 50 13
975293 59633 21268 50614 16485 12269 4580 1223 24 27
456705 135945 47711 104127 26147 18554 19725 7134 24 50
265023 69198 4341 26675 37385 59038 7092 2900 53 43
947397 70527 8965 18886 17334 9918 5182 2584 50 61
551836 724899 36688 125818 22451 81216 81767 56090 47 41
1502778 497378 510391 116901 356423 44039 56138 32931 35 40
1911346 741897 121335 53984 39408 85732 36850 35112 7 40
720141 123879 9334 7382 7972 5238 3810 3773 1 27
629367 92576 16619 2324 6111 7021 13655 3577 1 27
638164 105111 162 5138 13056 8143 1857 2659 1 1
2163150 63655 33052 14833 50266 22132 18367 7924 8 8
441364 430804 33205 61357 13561 22346 14996 4896 8 20
486501 437242 25370 37739 102165 20303 32535 2858 1 17
1356813 27490 35340 67192 15344 20702 43461 20829 13 60
1126541 70353 53071 26832 16546 10555 8907 5449 1 70
624766 207067 58031 11650 8983 17120 33446 1468 4 77
1818188 329837 11873 44034 11013 5171 12423 6769 4 80
754732 650070 37476 18068 5596 16413 12241 3619 1 47
868351 13846 108852 34156 27274 12090 7162 4109 1 53
814772 67893 41773 23494 14941 6443 6941 2297 3 60
1199267 169093 56293 32414 14930 19988 30560 6806 23 67
710871 44957 19786 12523 12030 9115 5914 1703 40 84
166861 79698 25199 32312 9585 15077 15294 4324 43 69
604554 179175 49439 31697 21343 12106 15570 4578 43 63
347226 69356 35752 24409 61369 22147 21725 5800 51 61
313104 36232 4950 11806 3904 1412 974 488 37 61
1140904 139024 58750 15239 38900 30422 21298 1922 40 56
410280 292872 40759 23214 19488 15054 16219 8292 40 50
45177 24220 27256 16997 24048 25846 7263 4479 48 53
100857 30512 11439 4736 3406 11328 631 1249 74 51
214044 34663 2245 18286 14426 16437 8363 7565 83 50
516992 390879 36056 36683 9255 117607 46979 49840 100 47
516555 88938 11294 26921 14526 11766 4266 13541 100 47
1406207 153760 9850 34972 11995 9785 12906 3801 80 38
49571 140188 13543 9111 7199 6689 5370 970 60 29
448497 134424 6715 21597 39298 23626 12213 4205 51 21
561171 54068 11180 5762 14091 5314 4818 3812 38 26
621839 69104 12524 75572 30708 19712 13023 1444 48 37
125979 13295 4469 694 4469 1596 826 231 54 43
124946 200265 59304 19299 56855 27214 12878 4078 50 50
184862 16448 30469 27394 40814 24329 9281 5656 66 61
