836327 46573 7920 34940 10216 35917 37189 10835 94 47
73325 27021 12510 7308 3400 5596 9198 4449 84 57
563125 19791 3450 13416 10029 24062 4964 13292 84 57
869310 20759 7930 10362 13238 14204 5862 7082 84 57
1100889 231611 34832 60540 25516 15863 50598 24816 64 69
1071637 605865 118230 64602 76884 67025 161893 63092 40 77
81498 449037 15784 111808 53756 68599 151082 24012 40 77
836936 133055 5768 27813 88679 35646 44564 17394 27 56
481674 88598 19547 11718 9950 11607 13788 3662 27 56
285655 75758 191329 59038 13304 38595 22882 8457 29 63
1732654 700555 234102 220625 128030 193243 133807 63481 50 60
70798 30876 3325 6557 2582 13742 7777 1101 77 53
130309 67443 26763 41448 13252 19127 48515 4289 67 69
1696187 617538 243271 95485 223632 145713 62436 15454 67 69
41443 7240 9078 16533 14816 6791 9336 5864 67 69
887234 365300 174105 94657 75080 109244 182315 54842 75 53
192186 86925 60373 34952 14425 31926 26319 6286 77 57
3682695 601826 273170 121983 25573 71881 205122 19634 44 70
2202918 130267 55697 43899 31864 28644 36877 20105 41 67
2049795 422598 64853 145717 25519 71086 90273 20311 35 64
48926 108450 31878 12210 12659 53256 28150 12657 47 53
1296723 1555594 45151 167396 75470 250393 98321 41170 47 53
1535073 128025 25632 22432 19474 12463 9265 17176 47 53
416989 50554 5082 12997 4761 7541 60793 2219 54 43
1251955 184902 13875 71326 25278 48270 40169 18047 61 37
948409 473365 50636 100914 23824 52252 103367 16615 61 37
650921 133520 95299 31800 25697 23667 91695 15452 61 37
538108 531135 33309 106698 61014 59391 177155 16562 56 29
560114 590861 130654 102871 107845 423502 143349 24709 60 27
1839596 161702 71136 13513 88127 32677 34634 10752 60 27
817064 223267 86660 357602 269585 152433 131004 90838 70 40
644301 153534 27738 35079 18100 21041 24436 12163 70 40
851345 55475 114369 35711 45296 29830 65729 37981 67 56
996874 1666845 415053 189266 54080 439414 189527 121617 81 57
664752 209525 5972 15217 13972 66709 32875 23638 70 44
1061042 211435 932 85016 33554 44861 47002 30034 63 35
708548 96838 34459 23723 86765 45069 38663 18565 75 16
2016964 1162912 295642 31672 221327 197971 127289 165224 69 11
862353 657722 21085 37519 33172 30461 74280 52035 69 11
2099712 452226 14735 29361 6290 125347 131866 10711 69 11
197738 370149 156283 114674 18825 208637 290743 156367 70 35
94666 15580 18806 7819 6223 15892 15687 2598 88 44
2068473 84736 40721 77416 17765 43827 25478 8198 88 44
402421 301961 165395 87977 9782 34895 86225 24455 61 57
208946 292900 14401 34395 12686 69552 65150 9361 69 53
767350 124520 2290 12617 14433 28049 91176 7588 60 30
72213 108198 37233 20622 19534 29463 55587 10584 47 24
144103 121665 28533 19532 8383 30134 42163 12832 64 13
1908838 852906 226522 258164 19771 108142 164326 45890 48 29
1486296 751916 352497 311421 315072 150562 271971 146858 40 53
2247772 1542367 343602 679458 118569 269002 913417 373038 34 56
996046 161448 57394 133411 134975 78282 59530 58744 34 56
58630 107710 9376 11054 7741 10431 9633 2411 34 56
2100801 168641 57522 74397 7628 12162 22763 11242 34 56
0 0 0 0 0 0 1 0 34 56
1495146 1238452 1403872 388090 408618 158617 457553 109005 34 56
745493 525790 152072 16656 36888 71789 100285 84278 23 56
629080 242893 4881 50636 32324 117263 18524 10202 50 41
1689443 285896 79934 24206 80390 42013 27366 19948 50 41
1524950 127714 93034 37266 5448 41644 25995 10113 56 44
664963 163718 3603 36518 48100 50839 31476 10300 69 27
2650465 755320 163568 62266 97846 38016 88910 71806 54 26
725502 91632 48824 24026 12156 26445 12502 8191 40 43
1685892 197026 57490 25141 30382 36483 44726 24722 37 30
2286518 1341731 103711 100381 131997 123834 195869 49871 37 30
250943 586407 23587 60576 10374 11036 22341 8965 37 30
888588 51244 13059 7868 5026 9110 1311 618 37 30
167171 7545 1063 974 1383 2863 953 72 37 30
68546 58075 12090 10340 20032 3693 1916 981 10 40
621984 37698 5146 2865 4333 4482 1538 828 10 40
404418 30271 3789 2394 3623 1870 752 325 10 40
83889 3717 1272 340 497 1754 968 396 44 41
563713 145347 58112 19156 20702 18182 35757 8373 35 38
1006587 23312 725 5430 9185 8506 9511 3114 50 27
1233937 159416 27107 27137 19738 40706 15306 8721 70 27
1264733 301694 25912 11607 10169 8529 13117 4296 70 27
371604 50081 9283 3014 2707 7886 2375 711 56 24
1979602 154156 13786 11608 20548 11419 9342 2052 53 10
280231 15926 6009 3593 2087 6725 1880 1261 51 21
1370434 45738 10908 9310 6907 3763 1147 626 51 21
1112582 40416 5024 7122 3645 6401 828 417 51 21
671819 34652 15490 12280 10524 5795 3389 1692 40 30
735123 48871 3585 10064 11925 12787 20571 10744 47 30
204234 23713 7236 12287 14004 13779 18255 3614 74 44
1062917 50581 110791 53813 14754 72935 40277 12282 77 57
1046403 306021 42743 63974 10909 82793 52898 8858 91 50
101680 39681 7032 10073 2237 18518 8844 1194 100 54
466717 84582 12518 11577 29442 4835 28184 1785 67 47
2586420 255718 89001 82426 34109 35805 62412 33980 67 47
379423 226600 52422 43605 43386 62262 50517 7867 60 27
234388 44559 9962 9194 2171 7961 15967 1456 51 30
609803 169193 39750 25087 12972 26960 50540 16064 30 30
1438533 155129 40861 10710 24072 30698 48412 22229 53 35
1996561 208634 38826 31240 46992 149214 118866 33194 66 29
651190 80774 33137 13417 10263 16144 14704 7925 64 30
2286751 929296 43662 96797 37820 191900 92222 46486 69 20
881200 95692 15795 22040 16537 13011 5669 5085 60 21
262815 34074 18568 57286 7509 27059 10656 3230 48 44
633734 116048 16333 84394 15803 25633 36925 13833 47 50
2139035 667186 134421 79757 127880 168713 160065 31171 50 57
3288041 349847 181432 30494 92399 195944 108963 44799 69 60
1291107 117964 43874 29038 8351 25629 12957 9564 60 48
1099798 98612 19444 37159 13358 41993 23990 15940 74 41
2379522 622847 344914 106667 102767 107033 63908 89703 63 51
3282971 1184306 158390 572631 702970 315208 732120 331743 51 51
783554 104031 17565 49163 22202 9686 26261 4060 51 51
829016 213763 115205 38349 17079 45706 139294 21165 50 53
1875332 929278 232376 360594 295825 195167 553949 336482 38 56
946583 317417 61600 54168 25909 56975 116862 65770 41 50
834899 88011 11341 7288 7048 11167 9850 7200 41 50
631032 42498 46984 34800 63706 46665 81142 23688 54 54
1207711 750979 75622 124730 28727 51359 64414 108310 54 54
100776 56839 35697 39157 8329 16066 25474 16990 54 54
1016803 165161 52184 35963 42173 50444 56754 7823 61 48
1609779 73138 117890 17320 42461 53107 100973 24318 74 56
220905 26440 2479 10455 4189 7606 10695 2985 80 56
618545 23215 11150 526 1993 4626 8549 1591 80 56
589313 181415 71614 101889 114792 66723 94313 14364 70 56
619272 239218 17018 18601 9797 13403 20952 5469 48 43
247433 90034 18373 19943 25811 10191 41466 7284 29 30
513663 339967 51671 71076 28576 212703 187093 16825 41 24
1256339 237090 235404 59112 109356 73240 75442 17383 34 30
202809 22441 7075 5450 4954 7534 13846 3882 56 44
529167 126504 55959 26825 28293 28786 36749 28342 67 50
197512 56660 39370 47508 4991 19903 63412 4753 50 69
972068 166936 32180 45482 26832 36867 46087 16405 54 60
1420360 910053 373592 140949 137546 161102 144685 94514 44 63
1015311 238100 150007 71029 14607 30922 57901 50740 30 69
1917121 215555 15764 37242 34276 62762 32921 10847 40 44
585139 146717 46464 23046 25755 89774 20639 5049 54 41
699987 1472621 247438 547766 296099 117162 274905 159991 54 41
965400 293535 215045 242998 195156 42711 153375 38426 54 41
854837 233226 224719 185615 42859 96803 124861 56217 54 41
1524942 895281 264539 333549 213573 130789 425097 66130 50 43
737041 58804 37916 29890 14286 92773 104428 20692 83 37
563873 179618 13752 13970 28892 66048 107317 5927 88 29
267243 3117021 155868 167588 170156 174730 270708 353047 54 16
1055049 701979 52000 196165 125771 135401 209854 53917 61 8
400107 484808 95465 44333 71806 47426 70131 28037 27 1
1960910 467540 201870 96731 72941 331278 143421 96615 34 17
1094369 175899 32534 35984 37423 38249 55228 28918 51 30
747548 276740 15155 26538 13440 79508 45844 20894 57 21
570550 564429 139265 82732 45011 105851 154853 68258 57 21
230732 21768 2158 3349 2392 6660 11238 2790 57 21
283518 175830 7455 30601 9881 32782 12121 4860 57 21
747439 281898 27689 58179 77372 72943 25766 15464 74 17
696097 74701 19014 28970 18602 27848 30370 7497 63 20
525426 288113 28558 28263 34882 28500 47944 26852 53 13
257019 103104 22571 9032 3436 13821 26072 6258 53 13
385169 7309 9551 5918 4138 16160 13425 2224 66 35
1187517 1627530 156924 69533 88916 263082 202903 54827 63 26
359952 1243262 328531 34720 54691 122157 232031 113827 47 21
904759 376897 23943 15316 9975 33070 36444 19975 47 14
2314573 218699 196087 234548 41480 178622 70904 42304 34 21
796870 254270 36501 53316 44257 32305 65729 30275 27 34
870934 536553 162474 81168 112156 72872 120007 58410 30 35
404024 52722 35221 10208 5992 24521 7157 3166 47 56
840258 66333 24878 90379 18827 58217 69205 25971 50 54
181042 75748 6404 39830 4589 24986 18150 4715 61 63
886619 164323 18148 53316 17346 39467 21784 9527 69 63
660529 117027 7710 8429 8388 8880 36651 7337 48 43
654686 99712 29904 56354 37353 29278 65004 8357 38 37
1955608 30435 60921 133018 110286 169270 147333 19941 54 40
1571114 210248 97626 136328 98187 55973 81986 60340 54 40
720685 129892 34055 25678 36293 49766 41260 18819 61 38
1658757 171733 18247 41686 40363 50835 45895 5996 78 44
2122845 541926 51596 113945 120192 34806 94783 28979 78 44
418473 88384 87285 122365 56369 87050 97996 21651 83 51
182802 15945 5093 4024 15751 9465 6825 6882 83 51
546280 306365 190924 173926 17948 26017 119234 32671 41 60
1071416 93327 43391 26793 52533 92021 45505 9335 54 60
1526651 1047156 404441 223659 197651 128908 215060 31230 43 69
1249695 1212788 307341 181026 58199 56354 277960 61947 43 69
2057908 364332 378131 171277 75713 75961 286078 36374 43 69
1432809 245791 16683 111466 35349 79781 58075 11373 40 60
1215260 417124 299172 145323 103617 187456 132925 29599 64 53
485443 315000 112943 32003 31853 68693 48058 15372 44 54
91468 248990 39417 51836 10090 10132 24554 45357 44 54
779288 594206 55049 35146 55487 56681 195656 101611 44 54
1971377 1782671 226631 89987 171272 366978 184944 117994 54 40
1855753 506412 54119 58231 79645 151868 191420 58831 54 40
101999 66080 22650 34830 8948 13296 13719 9973 43 48
644478 154878 74577 42065 31083 34530 41695 17630 37 47
1476237 811580 34275 57217 53148 154221 213153 65395 38 27
819582 103051 162669 115376 38103 74683 159168 53900 41 56
1949740 276916 109647 53481 120505 55216 72206 46771 47 48
1655545 84303 28757 19079 21854 18706 66066 20424 47 43
143801 17950 8458 9606 1912 12062 18964 3938 56 66
1352879 1192656 174139 79016 73801 165666 161315 18710 48 41
317994 183308 2072 10262 26882 33716 42810 7354 53 21
695590 138375 40551 17065 20678 36369 19849 18027 57 23
999527 54562 6765 16769 15922 15692 41693 7460 51 16
427227 137941 53581 81004 36437 44130 176155 20697 54 35
180922 50440 1976 2187 2110 4179 2483 1584 43 38
687655 42445 59791 29368 7855 23637 21392 7270 41 53
51616 25427 2373 6944 1525 19959 6864 1272 54 50
735828 513286 45999 27914 29557 108600 70573 21004 57 29
656765 148699 52028 14579 9843 16293 20004 7219 57 29
487255 138182 22804 26280 42351 21910 55145 17345 57 29
704439 388848 116455 47812 26184 89679 114018 20508 66 47
902252 93814 21162 65278 16188 62263 184771 10888 78 38
439955 126381 144796 8188 36453 31021 38291 15743 56 53
1792740 1207183 62953 320166 173096 179305 255753 250720 56 53
314340 29348 14439 28672 6043 21069 34188 10720 61 75
1509646 320619 52800 52118 15077 31958 47871 22232 53 70
553642 134075 23207 70852 21380 133206 40237 19136 61 67
601953 47763 4045 4894 1680 4571 6980 2662 56 48
246091 74126 36465 15260 11183 31576 36848 3008 54 41
1045593 156407 34883 8535 14010 21641 15598 7491 57 40
279394 56259 53895 13032 5753 28061 16259 3977 41 50
1260594 571483 140060 56327 28894 116744 133159 38233 51 56
1463800 810159 116443 131219 19472 60283 87785 9247 29 53
588907 271726 11900 58896 12240 46042 17967 40254 34 51
398253 468210 338577 35515 27096 103156 72769 24085 26 48
623621 352588 64728 29856 25199 71782 62426 16735 26 44
1315216 358102 51131 20105 14441 69804 127850 11914 43 38
736125 41794 5369 38607 9274 45905 17361 5160 63 47
330292 90232 32099 48459 32441 23829 42749 5375 63 44
1844803 580349 78656 61795 94317 317884 136551 30211 78 40
340192 47678 6628 21521 4475 14683 15733 1727 80 50
152322 60353 10555 5934 10027 24745 14332 6935 74 40
438478 109019 87502 24678 13500 68658 17472 17019 84 41
498535 126079 15798 4771 9667 18841 26707 10696 84 41
406594 1842949 443699 15867 140538 146875 411173 46369 56 47
1702143 1408106 140629 261562 57507 184171 491098 88498 48 41
445206 198002 17842 52145 37027 73051 50445 6237 44 43
70352 159680 46853 20023 10235 22017 25928 6372 27 38
654385 216701 153502 81439 113622 126857 69529 40299 50 50
1250096 137416 191875 110502 25864 84155 77517 45198 57 66
992158 1782223 25034 85629 234537 147331 178689 100423 41 50
1391408 1913399 622404 244476 247962 326304 536570 50827 43 50
578754 447844 294736 424620 197978 230320 333353 135087 38 54
612308 99038 93911 23588 6163 25368 119160 15141 30 53
587384 359743 59294 32105 136247 27595 126926 26055 27 67
555114 570863 30328 62086 27027 21404 58886 15262 13 57
941633 1567916 96423 109116 158783 122116 111374 112926 1 35
136813 54204 1827 10957 3285 7252 3366 1684 1 17
3665484 637531 133055 153327 122433 89994 78755 30385 7 24
719530 221156 27498 25322 79835 21258 33357 32535 16 26
1180289 197954 105597 25510 15270 29554 61880 10402 20 47
526901 1302276 188928 119978 119239 211585 426387 19001 23 47
897916 64435 44223 117752 24612 42868 53442 4818 34 60
952181 670523 122996 104471 84869 162313 48594 33981 44 63
306896 681936 27905 103181 73144 81266 145062 121865 44 63
611769 1385922 103709 154153 210295 102728 222866 94135 44 63
341814 107726 287472 16626 42881 63646 93743 43536 53 74
701606 200908 157740 233145 29540 66422 138983 45780 51 93
149048 77199 23150 15598 7051 12093 6291 3301 43 83
272637 96001 2176 20410 14879 10043 20148 9131 43 83
1037509 73947 10386 95608 12893 50545 52898 10184 50 96
550010 180605 26886 18641 10037 63272 26774 8255 57 70
518437 175639 34164 43716 17193 58511 36296 8687 66 56
60443 14103 35711 2618 7953 9706 20757 3764 77 67
31806 9483 5748 15931 6356 5440 8907 4193 77 67
2134679 805877 257607 122751 59134 219818 139944 50014 69 60
1551880 396029 110794 142958 52117 298081 104982 93721 77 67
2218753 923756 255882 123465 95186 456898 321227 46451 81 64
617220 194056 9247 43515 6456 17120 57927 9643 67 47
1695142 96368 59931 61205 13753 68981 36450 45708 67 47
855391 121483 50563 27341 51749 34849 18691 8318 67 48
1334827 195600 29447 71453 17040 105848 114506 31080 63 48
1642089 158627 32370 6156 10866 36551 44379 8327 53 44
571273 24838 6033 6454 3716 5319 4747 1068 63 50
659893 145188 38086 62877 16546 39998 23020 19060 60 53
369666 140143 46079 36480 18420 35377 123211 21076 51 56
700643 692443 235712 95145 119702 383665 354583 49152 60 60
1021247 503799 168597 30167 64540 35596 50002 24338 47 60
850895 386313 64405 211057 241644 76981 93172 26105 47 60
458438 948614 407498 988447 581276 146227 486107 656390 35 64
347795 74473 24961 12381 5258 35412 46080 15109 35 64
627740 133218 202482 52876 33481 57396 101047 31113 35 77
2161167 430492 60616 68887 30765 195118 130894 21092 35 74
1686014 443562 185318 91278 108896 135189 179447 29075 53 75
43590 150251 14114 5082 36773 31833 43443 21335 67 50
834909 170468 70156 172035 68357 84094 112463 38055 70 44
1520976 809410 19280 37585 23311 63960 81802 89720 51 30
616214 259112 36915 49740 33825 115239 117961 39075 57 23
1904386 609341 191981 593484 488392 195891 697528 217483 54 47
352346 1080351 234721 44925 103644 49848 230697 117779 30 30
1011616 110544 103234 75593 39949 53652 151697 43683 30 30
654446 186890 178715 230184 36704 25651 83105 19012 23 67
2212796 414298 196645 135923 127784 215377 249113 133569 21 77
110503 89422 9093 20014 10562 45078 64306 22192 35 64
1124099 729322 433041 41646 124229 268954 163507 59560 57 70
1126864 108292 15203 13673 20901 13163 29064 5719 69 50
1253408 1038855 469543 93454 75166 407787 390570 85678 66 48
1770500 800292 331583 215308 61909 590808 149762 50123 69 54
1358761 926570 42787 208882 51629 103058 227401 55284 56 48
709625 555036 17261 79043 68724 32736 130586 64291 50 43
862270 578023 47687 78843 36006 73908 162298 19121 40 35
632140 112101 49499 20474 25166 22872 101199 10368 21 37
555356 64250 31795 67327 23748 29487 60395 6960 30 51
532802 111684 27946 82137 25623 112768 77828 12826 61 64
1323732 224058 120632 74911 73147 107925 123230 16051 74 74
696082 239563 234142 29709 77791 90596 124406 58054 74 74
1012936 117868 52013 41798 17771 97737 53685 20112 91 70
1279532 655844 356140 573256 111931 356588 520979 111187 93 70
296495 199326 45077 45737 37796 86809 55655 31875 87 67
1765629 437778 109623 110978 52983 86535 377426 29191 75 66
1523396 342501 216017 126278 318176 351506 256555 73262 77 64
1714950 828890 291492 106966 227143 148223 261248 212288 69 53
722386 180912 76795 60961 42080 23106 65412 18235 50 60
1652516 600853 196335 215600 115963 150148 610582 40792 53 61
2687847 369856 162516 90168 51468 155615 223226 45074 43 66
767108 449408 247587 188598 50580 124403 171361 82277 47 75
621607 993410 1413485 213529 201145 219520 342010 352877 48 83
580104 239902 32359 36667 24655 42955 127252 18624 48 77
413027 116316 10492 97998 27526 30515 51662 52017 40 80
215321 25383 30883 1887 4767 11685 26927 5478 43 81
800717 54515 26042 45989 48712 69395 62994 9542 66 69
2282094 338966 259346 108669 116421 93316 107054 33692 66 81
753463 233215 89796 107632 101925 58891 70850 18541 66 80
1085336 78437 12221 12301 8371 59502 38470 5500 81 60
1966473 356203 78602 19784 14691 315710 315485 35693 87 48
1592846 353421 196514 41806 41746 234743 225277 26120 100 43
446344 340193 136913 11185 30280 102694 169399 36152 100 38
712624 1318290 64152 43920 323271 138244 271765 242090 81 26
2026629 141675 11269 7884 49633 48738 169006 55392 69 20
1630945 314161 293581 90337 47524 89936 34748 31204 54 27
272128 53536 8280 9361 7439 7018 6617 2936 44 26
13123 12380 3511 2192 2321 4182 1801 1249 56 43
1084493 54378 66407 24011 57579 21849 11524 7963 48 67
343750 75825 28848 5569 14271 9774 15991 2857 43 57
531480 36694 39359 19185 15075 31043 28408 10037 60 69
962332 169468 59223 94313 10408 33054 22333 45025 50 80
106091 16279 2163 3789 1673 11165 7942 874 64 66
159108 37819 1496 3927 523 4723 2948 425 67 54
1164050 154749 23553 8477 6629 39260 111804 19100 61 38
749346 76870 36961 140949 66891 30726 52356 85572 63 41
501028 131260 44374 110331 71840 35377 57263 79488 44 54
338745 87326 31812 11214 8051 22211 17853 3388 44 54
399392 78532 64340 24523 14688 42649 65898 37306 54 74
664337 17779 12822 1511 5453 21559 8253 1590 69 80
1541522 375889 276101 42998 44489 182486 95884 19369 81 74
1118046 170949 144256 72576 46019 54517 61238 22528 83 75
147760 112374 43288 47342 5863 31183 21513 7981 78 75
1412137 478420 46561 64388 36339 135297 77903 16231 64 67
1603245 237689 153404 47268 29275 77312 49165 15604 57 69
1557374 540279 92803 48118 9822 111025 54174 13844 60 54
503159 25572 34910 26528 9114 8543 25231 5818 53 64
315992 406298 88627 46280 102929 67709 223955 51026 44 67
122243 70563 31439 6062 32122 20922 30257 11963 47 60
429900 59948 24675 6346 5610 14727 7866 4139 47 67
1689679 233298 122080 44120 15955 71916 48629 12759 53 57
413239 129394 57212 35663 27454 20314 41735 7371 48 66
1021906 243054 39677 22071 23257 18742 37657 25726 34 63
1686928 226279 81413 18951 42895 68156 104664 13380 38 60
1578295 701593 68804 74416 19354 63410 194514 21866 27 48
1135344 1595258 162223 53686 76642 30675 111903 81827 27 48
1831027 668336 247536 47828 15427 62660 66833 20584 24 44
1286833 746323 166294 78931 109725 108920 317770 63837 30 47
310523 68206 86696 28180 17107 20805 39120 6468 21 61
2554286 134687 240922 72910 72830 377659 293082 52570 51 74
1053036 427407 91977 22967 67029 37896 56269 34984 50 64
1116156 283931 62629 382296 99906 243294 166475 24849 63 77
2264707 196108 99156 148448 40391 139578 52921 46139 77 70
895102 99023 122564 70948 13975 72695 91475 32645 77 70
1206290 401137 135616 320924 26256 88714 131839 123099 77 70
963548 406633 24750 193829 83559 144185 45399 53319 77 70
