268388 129338 4814 22208 5739 8456 5444 4048 23 63
211507 219952 50282 35752 54189 15957 17888 5126 16 64
1490225 541869 336039 66124 92266 104932 29855 6239 14 77
1519440 700443 99614 87935 54887 119239 50742 23311 7 70
1463857 88811 1551 9900 32835 26591 15160 2775 30 63
2683035 10789 72366 25812 18438 20948 8048 3878 30 63
655665 12411 1569 364 951 2180 867 419 30 63
51 20 8 3 2 1 1 1 30 63
4099 3389 3375 1346 1249 552 87 44 30 63
1353315 40096 22992 28223 19481 8062 9493 6126 30 63
1396883 14925 2393 9374 3755 7116 5142 2853 57 66
53123 1391 205 4432 1617 3275 641 209 87 69
1800029 126174 118442 72413 42338 43553 14131 2284 87 69
1188433 15073 3706 1370 3177 2287 1448 221 87 69
161256 26893 16249 6360 15786 10507 3620 1187 93 77
2037601 37542 5175 16258 21453 11206 2443 2144 93 77
1713111 52027 9970 6146 9298 6037 2340 332 93 77
413630 11741 4462 4077 6205 6538 6617 1703 97 90
550809 161061 22285 65701 29836 21958 15583 1736 78 90
782679 43586 11061 2853 8465 6362 4660 1524 51 78
161367 294168 11684 40024 22108 20920 19781 6216 30 69
1344389 86993 25740 44955 12067 26625 14351 4498 20 70
1059864 64495 62285 8865 25457 16695 16943 2993 27 77
1145182 104602 20579 14667 29257 45852 6127 2623 47 75
730072 470646 72335 12746 94763 42121 40698 4258 47 75
529050 133264 20532 43775 14981 21720 2950 944 56 83
1859888 47184 25548 23744 31112 27095 9342 9333 64 83
1272443 117341 21724 21684 23151 15447 14597 4615 61 75
334303 275573 140112 68388 17913 64102 25074 5945 47 84
951416 63543 9317 10315 12379 5906 7972 1327 40 80
1301808 25614 11310 9207 15811 6388 4131 1163 26 80
98727 46217 10319 6778 17384 10092 4628 907 30 78
822489 11597 6305 6691 4025 3041 683 536 30 78
178076 6426 3839 1329 1540 1816 1537 326 30 78
602791 41328 10389 1131 4771 3076 701 848 30 78
288189 64336 27094 12958 14117 7740 1770 1858 23 75
1489269 108174 11001 32761 28944 28269 15887 8142 40 75
1557594 500520 179964 87738 228414 146689 21919 43414 47 69
548032 62639 16392 8824 3584 6620 1854 1410 34 74
355027 60211 6134 6081 2917 3222 1456 496 34 74
660458 224592 8240 23792 12601 22378 17015 1805 34 63
151077 67936 12632 12335 11107 10531 4323 433 26 64
1433972 96959 15996 5749 6973 15200 4286 2537 17 57
461879 43842 2411 14754 5452 11795 1991 902 35 56
505376 63854 4528 18533 21142 30963 7113 2138 61 61
1028223 108402 72817 34352 33585 28169 27942 2714 63 67
443386 143814 26806 14772 22167 16389 10950 3582 57 69
729866 37423 9559 2660 5039 5826 3454 1367 50 69
539489 23466 3927 1489 6392 4552 2906 419 34 66
585027 75560 2588 5607 7308 6762 3626 862 26 50
622097 24106 1897 3563 2680 2475 463 226 23 47
281405 49880 22526 16797 18361 15085 7519 4802 30 51
2026381 108763 11392 7959 63351 11695 16513 2598 21 48
1665204 2071271 96146 59559 65099 71347 49546 10227 11 43
2038919 32448 3800 14669 18311 13188 24025 3045 34 48
519809 17972 4928 3221 5400 4354 3830 1026 35 44
97757 8887 8640 1415 3625 4107 2986 2517 53 60
256725 153900 7397 22992 22827 12587 11970 2419 64 67
371549 15012 12646 9966 5632 4291 3279 2299 51 78
327145 106474 11899 7775 8276 18787 7624 2436 50 69
2733226 251010 75502 11428 56320 57279 54394 9027 44 63
942912 192485 107428 75252 122444 59855 64756 41745 57 74
2333721 56557 24871 13347 16059 26047 8044 3991 70 64
1263206 254268 5821 27367 3961 13557 11207 2958 53 63
2415340 429287 54356 11784 259766 47886 31188 12423 44 56
714848 73555 29546 41502 24833 30272 25941 6368 48 56
1647807 83215 51177 6182 15234 9106 13835 2355 26 60
550489 20370 7759 5634 1520 5728 3024 1240 44 74
858610 57425 10658 12234 23949 20110 6592 1505 60 80
1262847 459614 75061 84187 17425 106167 41365 7775 56 75
2179991 98859 26523 12609 16999 73283 39369 15645 88 64
1672427 907463 16342 51838 30940 86537 25828 15417 78 48
286072 31079 3481 1370 6067 3211 2672 769 63 41
223682 13300 6970 2094 1519 5544 1360 383 69 47
350638 127170 47333 23438 33721 15424 9763 2339 41 53
109890 54428 3899 6818 4291 3185 2825 1242 34 61
2059498 1808568 340019 84966 122581 73249 75813 8402 17 64
2708982 109318 19687 17160 25792 22521 11480 2794 17 64
3093001 11238 9875 17558 5816 5813 978 1952 17 64
1074565 59873 2269 27895 41637 46559 7648 4627 27 56
615148 30867 12405 3269 2359 5373 1908 1086 34 56
1350797 105567 19322 20264 47460 19340 7053 5261 48 60
1289358 33761 35363 36927 20835 29524 20892 1995 83 74
633165 80279 16194 7571 12807 18193 11386 13544 66 74
291531 9790 6014 3341 3875 2574 5759 1106 69 77
1906129 1278194 109075 116240 220428 61608 47867 9765 53 74
151317 27013 6187 7066 4609 3797 2387 202 35 64
745818 163436 32251 12608 24086 37689 5339 1614 37 64
1037718 110541 33212 13761 25599 12092 14454 2918 27 57
1998013 15473 3122 11457 18654 5516 4977 2201 48 66
447223 147085 70258 34828 50032 17996 7513 6197 43 69
748649 175705 222790 24706 224560 123081 41403 13551 51 78
935615 174968 25746 53431 17867 13112 19397 3459 44 80
1117326 436370 14707 44259 25124 15122 21233 2726 17 69
457181 103797 8317 19931 17914 12538 25260 4664 23 61
1155124 88448 50496 7985 37674 34134 31692 2873 17 60
586357 29888 28125 8499 7120 19330 10296 4235 43 64
484054 29623 10514 14805 10596 24593 14283 2684 83 75
533130 83611 41848 6833 23646 17705 13446 5415 88 80
575235 184121 16980 18671 10224 21168 10304 2942 75 70
924441 322618 70067 10707 34766 27990 10227 5509 54 61
284666 14405 15658 4135 5112 4155 4682 633 37 69
934247 265219 268733 39751 36555 57723 46547 12213 35 78
1244304 161135 23234 3228 13603 11113 11872 3173 26 77
689243 179110 215534 43690 94121 35262 30859 4488 29 90
608068 29051 2587 11444 21264 14282 16642 3828 43 77
199720 142462 4441 5127 1891 8259 2761 1448 34 51
1121879 24284 15654 5974 2255 4110 1083 2341 41 66
1679402 125412 67473 91588 118891 48188 58515 15615 51 63
1887960 759726 59987 74277 61024 43311 40133 9529 23 61
1472225 219069 3784 18615 32363 13833 6329 2519 23 63
749903 66242 18976 22248 9144 12432 14761 1533 26 60
307332 91598 2377 8753 18071 8950 14557 2017 17 43
858463 189750 15163 4187 22060 20048 7379 4011 27 37
463528 62622 627 12536 2390 3536 1630 1780 24 44
2264375 520461 48988 14137 22638 44417 19535 10001 17 30
1842094 34530 4619 4059 4664 3924 1378 840 20 38
1525081 370536 158847 44401 113541 40051 28684 12514 14 53
1400155 95563 21168 30733 32018 21341 8031 4633 29 57
923586 162262 51231 65075 24261 19434 9730 4076 27 74
556663 86532 22181 15656 27391 20541 9277 4881 37 77
1248987 316092 74146 76002 70239 61629 30826 5792 44 75
98759 319361 14596 17258 6470 12248 4570 2623 26 64
1439676 437945 19715 33013 57585 25570 29103 13611 21 48
1168579 1308564 4040 48754 19465 60931 20777 5754 3 29
760782 39744 1431 2301 16566 8279 12280 3305 10 13
1053568 285232 20148 14963 10688 14259 7310 2284 13 14
182848 118394 4606 14165 6107 7868 15969 4956 14 17
660738 81515 24247 8453 5928 17847 8068 4081 34 38
281257 44003 13988 7056 29443 8312 7138 1706 26 51
586052 167629 84720 23703 51024 27120 11216 5886 38 63
211976 10744 5541 1116 2212 2394 1082 1261 50 75
484147 388445 56140 60193 35970 86469 31782 7385 50 70
1205599 24453 21438 7772 12623 7980 5218 1747 51 80
2190154 175893 24039 10114 14646 12113 14318 1838 44 70
1334505 37177 2868 3714 12848 10093 7267 2281 51 57
1767754 112203 52104 19657 13634 21900 13549 1820 47 64
664832 19123 7517 3144 1172 3131 1403 758 43 61
25063 12855 2321 481 966 653 601 258 38 61
1074366 13547 10220 5870 3203 7741 2103 3558 40 80
1262862 670802 36192 41358 20848 30561 22739 26623 24 64
116680 44370 3197 6593 6286 3105 3198 1570 16 56
626947 376164 20706 8239 16144 7849 18297 1919 11 48
1427775 196610 208601 71952 20521 31230 34709 6975 1 53
1029480 11856 11650 5341 3519 3506 2215 1093 11 74
1111323 68277 33879 26627 58207 9051 8984 2030 17 80
102779 3997 3851 487 784 542 276 547 30 100
572220 191240 4673 29214 18517 17928 13406 9104 35 84
1038812 137467 24811 8010 5679 19894 8069 3862 35 74
842109 56188 4055 4304 11488 14618 8660 2484 50 60
208375 6741 10218 3287 2664 3342 1468 767 63 61
581215 39156 2918 4973 5778 5272 1943 1087 66 61
465429 44551 2749 22858 7738 7957 5587 7646 66 67
930472 407150 41280 10885 40108 16567 8750 12120 43 67
1094268 42347 35396 29955 10496 28190 6498 2391 48 64
1061783 155185 59236 36276 13540 43271 20822 21171 53 75
524354 94191 21896 22810 3058 21154 8383 5008 56 74
1583733 200320 12625 16676 21426 15926 8141 1827 63 75
1633729 491288 154235 18880 52356 31006 23252 7256 43 64
1347738 555203 82657 41655 41942 31629 23586 13005 27 57
167933 86131 15477 13014 9276 9230 5486 2709 21 54
1146539 372742 71481 136705 59333 27350 21743 12112 16 66
1585816 1241467 25184 32189 92165 60277 49220 11649 16 50
757686 142773 8267 8769 21682 15495 20742 2635 26 43
181747 24313 7187 3314 2526 3167 2893 781 26 44
2433643 110074 25412 24174 101051 41013 26316 20668 48 38
1167234 272016 10886 19293 33775 30515 31986 14462 56 44
508426 31011 17640 4092 10408 4646 8609 2838 56 57
390485 40591 20175 14478 4815 18024 2948 3105 67 61
212066 16360 1289 579 1331 1739 919 857 54 56
1554027 175818 116388 30121 21426 42438 25625 6151 60 74
1421712 47860 105499 60367 69924 60065 37196 9262 70 80
1531560 196215 72142 34856 68179 32604 39376 11358 63 77
1699993 436858 44462 110556 31536 24545 35896 7344 50 87
257238 65981 19515 34394 17601 11493 10764 801 47 87
1237862 376888 49095 42025 28197 87823 41313 5176 41 70
2769381 93245 89313 11553 69849 42428 15010 10033 50 75
433482 48738 7104 4296 7773 11736 12571 2421 70 67
1097901 813997 79115 35213 79775 45407 30005 7600 63 53
1280355 59329 4306 10800 12212 8462 2726 2052 56 54
869243 539101 97861 56762 53310 69120 12735 7594 48 47
460167 89266 21596 8148 19568 10667 5856 848 38 50
791601 30715 7764 4394 5269 14792 12572 3040 63 56
285666 327500 69140 7068 15089 7676 6643 4380 41 57
604940 152327 5364 9541 8967 15764 5393 3009 41 50
1117280 18988 18350 19036 6607 7280 8894 3435 48 63
365438 105600 17572 7890 3293 9200 6471 893 27 63
483882 382062 82960 35924 15344 35482 33128 7918 44 64
145287 18406 3008 5388 2205 804 854 383 27 78
2570823 39566 30330 61039 35966 85592 35577 5012 44 74
1728888 269774 23734 20797 31283 25614 39905 8470 47 69
126604 62830 15614 9639 4249 8878 8784 5766 51 70
837488 50461 12001 19457 22283 15494 14565 2104 75 69
840454 70753 44734 11831 12791 17984 4939 3318 56 69
3224716 537615 175061 39333 47532 47495 33210 13934 54 78
1012227 185925 27821 23986 75051 37971 22733 20526 60 70
1764497 379238 68424 51135 163498 49038 24711 11673 48 64
1217062 127135 18161 17571 15643 13876 6685 1048 43 56
543204 134304 5887 1889 11379 11567 8887 4745 47 38
576325 51814 4872 4142 12242 22029 4764 2648 56 34
692830 73238 102568 32756 72579 33830 31869 13056 64 47
86396 27836 1423 5022 5925 2395 1711 358 61 43
558108 117346 5801 21138 14498 17892 7589 3051 66 54
1580281 41807 66965 16780 7886 12656 6401 2828 51 78
345868 54323 21479 8874 2444 14415 7105 2325 51 70
105616 17299 3667 5209 7180 3405 1474 607 60 78
328068 10220 4779 1940 2578 1596 963 605 54 87
886916 161950 42383 13307 8861 18111 9981 1725 53 74
506882 41303 644 3350 9656 8650 3943 1218 53 54
785158 18156 16966 10261 14517 11291 8833 3344 61 61
2027596 704021 183251 66036 8200 50892 42463 6905 54 60
676918 69138 53856 9044 10522 8270 5535 4731 51 67
318373 23378 2223 30311 6731 3431 2256 1570 38 91
904671 799932 111022 14546 28626 35905 33522 25584 16 78
755369 290666 7936 8901 10966 10568 7511 5932 10 61
1336994 24363 11179 6605 8072 6934 4396 1986 21 57
101882 33974 20263 3676 8776 10384 8459 1972 35 51
608224 45186 26650 14409 7370 22712 7419 5560 57 63
2167966 112940 49271 14184 12383 13162 31327 6783 67 83
58703 18333 16432 756 2526 2187 1825 1016 56 87
464067 540176 38550 11391 30639 27011 15652 4966 40 70
509699 395752 8149 81194 32716 30089 22911 11459 21 61
1121628 204255 65316 124879 34566 57486 32386 6943 29 63
592347 26942 6901 1923 3803 6343 5963 3371 43 53
178608 61553 7918 43064 21753 40301 71222 7274 67 66
569833 39953 34135 9980 4920 41008 14493 7796 93 77
1839542 88764 7117 25255 26980 48725 27203 7679 100 64
1144310 180175 47082 19016 19876 61207 63902 9809 100 66
593060 8042 14008 10633 6204 8670 5185 2570 100 77
748800 13263 8374 7695 2082 9364 4235 2818 97 78
132391 66351 8629 7952 11938 4339 8559 1402 75 80
689189 82864 5634 16054 13050 5053 8969 3398 56 77
275737 162785 18941 16965 17788 34778 46225 16331 51 60
537800 77341 85431 42886 7200 56053 16663 24129 48 63
524495 686037 55906 55388 29089 18323 34426 4923 38 60
1683588 164903 16562 20161 22086 39951 27569 12886 54 57
254409 129746 10723 32635 90595 25472 12816 38173 53 57
1989845 351143 20287 26415 32313 77702 19022 11946 48 37
281166 30646 12818 14624 5450 11821 7025 1505 75 50
1540326 117576 27395 30326 20035 21725 14125 1980 69 57
607310 28993 29296 9355 7245 5798 6228 610 61 74
1918075 334184 26663 22855 30689 33875 23504 9726 53 77
1539491 56531 14808 5862 6840 7611 3948 2139 44 69
102784 17079 9757 1464 3140 3371 1696 1040 44 70
142750 51729 12031 12606 6161 12733 10556 1446 53 61
659130 308084 20876 72892 21778 46974 58905 18977 56 67
316938 36351 48155 9203 12506 9208 20119 3322 56 80
414947 68312 25083 9980 7252 6751 15974 2597 48 78
33176 3711 2728 1216 705 2315 1066 245 56 83
251443 2748 2897 2361 1573 2701 2372 522 69 94
621856 31715 51196 17274 7660 12367 5358 6886 74 97
2188252 968276 34864 36502 46633 37151 38861 6282 64 80
310331 3150 3373 1787 1753 3058 2056 657 64 80
386486 79438 4785 24427 3061 10203 6753 4586 50 74
611575 115576 6050 13583 7970 7157 5936 7158 38 51
206592 95457 52021 29823 30584 24591 44895 5396 54 70
1664902 65149 51718 11286 35756 36326 33306 3057 53 67
257762 55717 37800 23597 17428 10057 8319 4299 51 75
340663 82933 21367 15395 14817 7961 8638 3249 56 83
433564 66467 6795 4399 3691 2638 4010 2976 38 70
466993 82632 6144 33726 6991 12933 3490 1651 26 69
676651 22959 12162 15581 11461 5911 6434 2727 30 69
3206026 221399 27392 30736 40303 47381 14168 6764 41 64
1143490 279554 40630 56377 48844 34200 36135 9405 53 69
869592 43057 38363 5803 8405 4880 4693 1599 47 75
437494 241276 38108 121184 17201 24445 23115 5488 38 74
470221 305559 5860 33445 15920 38086 33884 10701 34 67
164048 65901 11774 6051 4913 5512 19118 2266 27 67
410809 84789 23491 38906 23503 37846 9913 16089 48 63
1550748 161918 38114 6916 8729 62865 35762 6714 67 53
1554934 49480 4880 13201 2264 9085 5076 4773 69 61
91339 10976 2423 2845 1513 1454 1379 613 74 66
1515032 88858 11499 4617 14043 7238 3220 2548 57 56
387695 62700 6993 12850 8012 15034 10497 2556 51 57
880064 256517 37080 40019 65488 43173 8385 11319 51 54
1088572 94531 87747 21951 18880 41019 19790 7729 61 60
415743 77545 91180 31824 21219 15868 35002 7790 63 80
413429 135862 16669 39803 23161 30344 26612 5515 61 81
209142 90898 38902 14495 12190 9927 2559 1269 53 90
1115276 182807 53229 12442 40691 37305 14145 16913 50 81
669069 12071 2160 13465 13166 7262 6527 1911 64 74
452758 139130 45135 30281 21224 75872 33826 8201 74 75
472562 405607 30174 19465 20010 36412 29412 13393 77 60
149818 22582 8524 10220 5364 10710 2588 1212 81 64
114414 56622 15725 12769 8958 8275 6286 2665 70 61
63183 29008 2214 1486 1769 1715 3338 1029 48 53
420785 158756 75454 16934 7994 5334 6484 2354 30 67
137736 114583 5437 15892 6863 5549 4457 3070 8 57
418986 28832 3924 3357 3994 13927 4082 2259 23 50
838231 379044 215582 46661 143289 66187 93217 8423 34 64
287398 54943 21819 10154 11370 6384 6131 3439 48 63
302704 70535 22750 3132 3293 5149 5863 2415 53 67
27349 39955 8991 10860 3173 9454 3575 1152 43 77
77651 20935 26033 12395 29638 20008 20282 4819 56 78
1158036 122216 22421 45381 68745 26492 31178 23928 63 75
345193 101600 7509 26052 52285 26677 43797 11075 78 69
2966651 155526 119416 34581 21668 18122 28477 8235 78 69
381635 1369 362 1544 556 97 166 66 57 78
114589 19214 1680 5487 2428 2433 2951 325 43 70
653162 141094 18888 23848 13064 11992 9482 4596 35 69
1415464 119236 53828 51353 11946 5450 14242 4388 10 81
200636 6824 7451 7079 1044 2159 2096 1421 23 87
97379 16067 17527 10932 3946 1877 4421 970 14 100
130506 98515 5090 6877 10043 8341 6252 4051 17 91
1027304 103869 13210 2125 12109 4459 11122 1522 23 75
1870329 109610 93293 22895 29689 59627 11434 5941 35 66
596998 84523 4339 20302 4208 6184 5780 1667 37 51
1251391 62450 6145 6305 37928 18984 35781 9837 51 53
527259 438525 70728 35517 22407 37997 36063 7519 57 56
200986 14550 9518 7243 8401 11013 6573 1833 60 54
606126 819325 75061 128016 28383 22629 10680 4967 48 53
48606 17246 2280 1394 5944 3044 1228 695 41 56
654914 118946 24365 17062 10636 13613 5713 3361 44 60
1492121 241988 46853 199144 19395 19473 8354 7845 20 66
1504967 208260 24146 52325 8370 31984 19460 17043 40 67
203189 86611 32863 8612 8192 14366 3381 3101 37 77
1320160 94047 3252 4599 9958 14350 3234 1451 43 63
858779 165313 5351 77507 18290 49234 15343 9961 61 54
223862 18771 1931 5471 3750 8076 2602 2352 75 53
584378 105126 19596 19004 20418 11146 8869 12355 69 50
668773 204137 3314 28476 29023 30524 51919 6685 67 54
272656 64406 8632 7453 5134 8430 8163 2857 61 50
424468 129769 15262 8144 9159 34909 36805 21733 56 44
98039 71235 11198 4606 7136 6125 3218 3668 56 41
1355392 41186 17499 12059 23532 12789 4130 3249 60 53
957372 254786 98099 29408 46796 91540 26183 7491 69 57
275655 22494 9532 3969 4870 10508 5205 3324 74 66
211107 49110 8812 12250 5931 13176 5420 1436 84 69
1942579 138362 3653 44957 40203 38451 68639 9677 87 64
214841 30622 5820 2903 6829 8677 5924 1558 84 57
123216 27134 70562 4118 14629 20039 29806 17122 80 69
1341915 222488 101539 22294 29030 39186 20334 24131 75 75
534903 11085 12118 8048 3359 2317 1090 628 75 75
931706 57950 23580 5040 4653 2167 5132 1195 50 81
2001193 502132 9522 81371 99042 20187 11475 10507 26 78
507968 97926 15670 91625 19045 27213 18039 4920 21 75
221816 74939 16237 11443 8265 9995 6117 1707 20 69
616035 41932 9710 15169 7785 18001 6549 2009 47 67
820284 46930 17073 6609 20566 10836 5343 1826 64 75
993968 175085 1241 9840 13282 8296 2075 3520 53 50
1945691 163128 24785 53199 47350 16980 16639 4330 50 51
977711 214446 998 19090 19939 9469 2679 3653 27 38
678011 91294 9819 49996 11170 4235 3033 2522 8 43
513952 194733 18942 34674 14983 47306 17089 8072 23 56
2928740 191519 70911 29908 22380 63860 22160 8787 37 56
197320 833682 463375 28777 102763 41041 29363 13497 35 75
39147 76168 2631 9862 1602 2490 1300 693 35 63
983537 355242 78380 68104 30915 25379 17768 14469 17 67
852035 121640 22914 9221 9373 6794 9975 3348 1 63
193294 226151 16165 20998 18521 16020 10359 4988 7 51
1147652 115531 5757 9278 10146 6276 6184 2802 11 48
38191 72783 9682 13613 1820 6628 5964 3605 16 47
438831 89677 24179 43872 46224 18223 19837 8045 27 53
640386 20029 15596 1998 3248 4696 4163 1393 37 66
614058 67784 47800 14393 43095 20264 4012 4863 51 80
101468 24317 7566 4002 4572 4672 4819 1574 60 80
48380 12668 5150 3162 1461 2259 1092 383 57 81
99430 158886 23797 26995 34258 30873 18455 5934 61 70
66635 24369 9796 5752 2512 11923 4133 706 69 70
55247 118963 37537 11954 19937 21294 19870 14841 67 70
