170340 32201 41114 11164 12991 9235 3066 3871 53 64
285795 91596 4968 11756 9377 12014 6329 1875 61 44
2080267 825298 77435 90431 46812 23902 14419 18336 43 61
1220746 71743 18195 3352 10957 17298 9271 4572 47 50
107939 14141 11235 8211 5497 3212 1806 1085 43 48
653607 41098 13325 10372 23086 11137 7327 2510 48 56
550457 103556 46361 112248 54065 22291 21014 16027 63 75
579032 1141620 185570 11050 65156 46922 15015 10306 41 70
593988 29570 8129 5802 9386 11670 3593 6841 56 57
1409081 288982 173196 99842 49790 40001 20423 5643 44 69
2162682 102274 39117 40775 35170 34767 13691 4124 57 61
285289 71149 5645 6279 16259 10742 6660 456 74 57
646025 95645 13723 22936 5454 7112 5536 1955 51 60
2084957 61837 47924 7146 24631 9923 7596 2344 53 56
41109 56029 6561 2436 2916 2575 4634 549 35 43
224374 10757 10254 3560 2227 3055 1533 907 35 64
725214 547744 23754 43573 50109 44313 37342 7402 38 53
855063 40619 10748 21945 14595 14748 7084 3060 51 50
428043 38566 6214 14290 23664 14221 6781 1230 74 57
140576 117397 11970 19004 5996 5303 3644 2410 56 43
294392 225940 56188 51581 45614 61914 7658 3953 69 56
3949531 360191 154852 13342 41225 45690 30800 4317 56 54
2091707 305987 67918 76010 39465 47289 13193 2918 48 57
541754 450989 27056 81182 177355 42775 30068 5317 56 53
198656 31409 8266 3692 4631 1677 1304 587 38 51
930720 19770 50770 6637 27055 11401 7477 2157 44 63
667183 39007 36759 2341 2819 14281 4434 1033 51 69
647987 413270 19023 87433 21309 38876 20570 32618 51 74
337121 55104 13049 7328 11562 6583 4493 1434 60 74
78960 105222 114179 37948 33760 58905 12695 14930 66 69
280068 948135 66869 29430 52526 34021 20133 15825 44 44
1633105 360733 7901 32290 24056 21153 23606 5563 41 35
698499 83965 62650 16318 34781 22251 22550 3717 48 43
707789 229253 16535 18501 10440 14213 6188 2154 27 23
667662 35273 26849 9020 7253 11901 2812 1425 48 47
689815 85837 13752 10193 15138 16260 2405 4791 60 54
344511 51720 2531 9863 11656 8861 3325 4307 60 41
1924025 735049 33605 31522 29739 40420 26024 9351 60 35
756103 35207 24014 10291 17182 17540 12153 4092 66 30
399575 137122 13987 3754 7950 13302 8792 1487 57 26
153362 20577 6057 3818 1213 1850 1351 476 48 37
956897 82930 7043 15375 9970 6095 10278 1231 50 48
1472633 52077 22239 17531 6634 10656 2198 2155 40 48
241924 51266 1453 12918 17871 10463 2658 1351 48 54
225236 177694 5289 43072 75207 23788 42763 5469 54 43
542706 77013 9872 6617 10934 14731 9254 1143 67 41
170627 29099 21002 6745 13259 8334 13640 3971 74 41
749338 42827 20265 21004 6985 3343 5052 3835 56 60
1827751 27318 2639 13135 7214 7232 8598 2951 63 69
593247 248433 44915 33231 67757 53049 25093 16201 63 70
885145 541044 46827 26923 22260 92440 31567 8110 61 53
685738 19027 2063 3081 11515 9976 3492 1817 91 30
744338 622918 83823 104737 27544 27804 49118 10959 69 26
152278 99385 11137 7279 9144 10403 5071 746 63 23
250972 66857 7983 3709 17350 5588 4246 1775 53 24
674373 14620 8390 12177 7412 6923 3172 3482 43 44
456793 26202 3257 7091 13805 8385 6588 587 67 43
100790 17323 13831 10740 12571 8119 5366 1263 78 60
1355574 79939 16488 5790 9475 9763 9585 2078 81 64
198424 90619 6188 11343 3575 8745 2877 1912 70 48
807354 294798 218667 60155 51439 95834 10371 10681 66 60
889556 126323 68052 50055 10074 21692 14800 3157 56 63
360445 73192 7865 6767 17283 10751 11682 2138 60 60
1135874 120654 16836 41994 11686 39155 11556 6578 74 67
228222 67073 7140 5790 17198 8789 4556 2258 67 48
770946 16916 1559 11231 5873 11174 9739 2422 84 40
1090903 152183 16763 9053 9800 10209 6618 1860 75 40
742665 32477 15303 6336 11475 10427 3798 1201 74 40
78053 4004 6280 1234 2331 1447 1082 472 75 63
213430 169402 15512 4798 107776 60629 8563 4175 74 41
1385228 1244932 368593 257917 74387 228426 101987 24889 81 54
666828 176097 17986 48587 18299 15602 10779 3795 69 53
1988659 46538 14673 24279 7761 11411 9750 5643 69 47
756669 389188 24465 23065 12881 9098 7141 2649 35 54
1432973 147992 9439 16975 50422 17147 15069 6435 35 40
397877 40469 9556 8786 7906 8583 2607 1955 44 38
1473479 73072 4735 7173 21847 5901 4068 3186 35 20
1369504 113564 39108 55464 60716 39842 41462 20653 63 35
934180 142264 57603 25146 24531 31329 11220 6743 67 51
962357 115012 117266 78883 21970 29249 13685 2622 63 64
664220 235662 47765 32270 38021 16378 9072 14335 60 77
336402 23068 4066 13147 9398 8669 8072 1382 61 77
419882 122441 19087 9343 22812 14700 8121 1602 56 64
1317930 392765 107948 34244 47559 61325 37214 13642 56 48
140986 12001 3194 878 4905 1821 2801 970 66 44
562012 130548 1471 30697 27299 9968 5569 1358 50 37
535334 217610 74620 41292 11150 33026 39864 4040 51 48
107953 40353 11671 13173 11878 16712 11093 4439 63 51
911934 41738 23226 8636 10993 9805 6326 3638 66 61
1336192 149168 151588 29405 17075 35157 24628 6370 74 80
651206 36224 11752 7128 8981 20157 4767 1886 88 75
72465 19609 1602 2200 1546 2381 1135 336 77 64
91269 36219 2979 3278 2307 1959 3495 1264 63 51
917506 79403 40412 23322 19140 13348 15460 3420 61 47
1316812 40885 3986 3421 8278 15016 12758 2297 60 35
196786 695950 44299 68443 77548 33612 19214 4167 50 34
860098 33611 4026 17271 22406 6312 3804 2737 60 41
1042056 211906 9358 36875 17116 29132 25995 4942 61 26
1160415 626216 21062 58880 57728 51947 11556 4588 43 26
131004 77377 15486 14949 6933 14935 5731 2226 57 35
172630 46852 15761 10625 7050 7192 5962 2966 56 38
459364 87220 2318 8133 8532 27924 5432 1572 69 27
26529 8743 3154 2083 5408 1201 1227 993 70 43
545256 24295 23474 20084 20186 8957 7611 3315 69 54
197353 36953 4576 5980 11275 10499 9765 2603 80 44
1646724 20016 41527 70625 38913 29607 30476 14738 77 78
575792 185190 45877 15252 34344 62534 16850 7289 88 70
1428436 62765 17058 17763 20163 21942 14958 4447 96 61
1276137 189697 82515 37637 36300 25286 12563 3466 83 74
338118 70189 4304 14339 16406 6030 3683 1829 69 51
332192 662878 43502 6871 31523 33679 13696 26755 50 38
927692 440049 45887 23211 34279 21858 34022 10135 27 26
129263 61267 3617 20330 8186 8271 4070 4226 30 21
427361 82176 2595 5067 7882 9421 10032 1105 38 10
184250 19329 47959 7659 3849 12566 5994 3830 51 47
469094 51849 11386 5356 4381 6098 3349 1081 60 54
660458 129635 28892 62920 65640 22525 21807 6356 60 60
1041822 25367 6189 7498 11120 9351 8071 2653 69 77
628130 211644 52249 17211 48846 29061 17627 10060 63 53
663510 324955 43714 49962 31757 50801 23886 7032 69 51
40289 16814 3487 1895 1613 5428 1521 373 81 44
1042008 68220 34460 16651 36247 27355 8324 6455 80 47
316687 49130 16260 31355 12337 13324 5546 679 84 56
102638 43489 6549 26631 4207 13940 8272 1289 88 67
823460 61833 24039 9230 12363 15006 5736 1258 83 75
417185 31480 20288 10575 15523 10156 3307 1856 78 81
1108669 608210 118470 71000 23671 39967 28123 5819 63 70
851232 55690 9036 9563 9494 12138 15875 673 61 61
742019 81454 30765 20059 12212 26849 18928 2105 63 61
1663816 367120 41039 22659 37418 54853 45533 5897 61 44
1536080 110067 17045 38085 46471 30938 31452 6867 78 44
1536706 300576 43794 46300 70517 43945 15370 15500 75 43
761451 85445 5096 17598 8351 6598 5034 949 60 37
81663 78507 2053 4337 3893 2130 1191 966 40 27
892014 266695 24008 33888 47924 14724 15150 13863 23 23
666690 76895 5297 7935 7261 7552 4688 2327 17 17
856950 200000 18295 23224 36157 39160 25234 14552 30 11
136152 24941 3479 17629 16703 12171 4795 2794 60 30
222251 77931 15312 11725 5766 7470 3149 1496 66 38
2282094 155663 63814 23813 69676 65512 12431 5759 81 48
2148844 144904 37254 35188 37626 53369 29243 7429 87 56
1459727 111168 101725 46562 37019 34550 21971 10374 80 64
2593621 306750 61051 31227 41528 50409 17365 24180 87 61
307490 27728 19320 4733 21624 3858 4239 2204 69 67
688673 593481 8705 20958 45255 37054 44437 1736 53 47
3382386 243911 4103 5026 20118 46872 19950 15116 56 11
344017 27877 9810 16843 11890 5291 4424 7382 53 24
375371 29249 26088 3255 12826 5859 2981 3004 54 29
1902635 271548 5665 17499 27147 56638 14980 10194 69 38
1069110 640442 30855 41508 54713 20642 12169 6868 47 51
283400 137622 52705 21213 42076 36796 18168 10660 54 47
924499 152052 56792 13240 76992 24269 18120 3382 56 38
862694 49376 26493 8738 24629 16018 22845 21322 56 56
956541 79293 6622 12791 8293 9104 5581 1265 69 64
233339 54390 6502 5647 9778 6306 2524 1706 61 56
765564 146027 14582 25321 31378 10572 21573 2329 53 53
739695 122577 49943 26512 3889 11789 10303 8161 38 56
1048491 43256 10361 7172 18959 15722 3831 3947 51 56
678049 205071 29754 7631 12956 12283 7621 3189 43 56
795244 111060 44892 15605 5358 17161 3162 2432 51 63
228467 90906 3009 6280 5652 15154 5596 2352 63 44
2207104 138172 26807 21206 40740 53100 19758 26890 63 43
1109712 28345 8364 12022 6957 8434 3889 5223 81 53
605011 342320 23757 26279 37115 33145 22338 9123 80 41
1370546 467782 82112 19311 84535 66509 32910 14119 78 47
506404 8918 6417 10605 6668 5481 3253 3263 75 63
1646392 200750 46084 28285 28933 36459 25890 6051 69 56
763618 181315 8480 67270 14035 50677 13487 7775 78 66
565832 22034 9261 6269 7595 27208 4559 2473 94 74
584322 46781 4804 16616 19431 9964 6066 1521 87 61
2474523 233155 29437 22079 35480 28953 16986 6762 83 54
1201253 369577 87443 45208 16754 29452 46698 5690 66 57
1644666 344495 87222 27909 52400 60381 35695 18838 47 56
346419 45422 6358 3604 6783 10302 9007 3188 50 50
991308 41702 10845 7217 7455 9732 4286 2394 54 56
137293 6012 2583 1599 5983 3762 1611 857 77 53
408176 365442 43945 11048 29389 30059 27048 2419 70 47
590565 63425 12235 49064 29578 31177 19009 2058 74 57
1301915 175653 26679 32536 16301 38587 26755 6720 74 56
354437 38009 11315 6464 4900 3669 4512 1475 54 60
252108 37257 4023 8932 8429 7410 9139 5967 61 66
580850 13813 7690 6289 3375 7917 11572 3067 64 67
112042 68163 10207 4664 21506 17080 3652 2658 67 61
960644 44519 11522 3924 20221 5322 1948 1144 69 56
865549 84546 25522 6157 32268 76137 33364 8942 88 53
113191 165456 48997 42656 18300 28964 14578 4297 77 51
105514 34810 27573 44365 25375 32663 17399 7553 80 69
283771 43540 24465 33261 35512 66875 24057 5858 100 75
1781654 57059 24132 26179 36522 28897 37207 3691 93 84
209752 101285 22485 25349 43817 36776 26591 4713 100 78
1776251 279352 13871 25283 32111 60409 17660 9166 96 57
280398 3651 3531 3703 2127 2928 2187 270 87 64
348280 307079 86915 46268 22422 59606 22902 11694 78 63
1308078 93881 21025 30112 29127 22610 22845 6923 75 67
58881 158776 56634 27140 15437 21296 17156 4187 64 83
806579 74081 21050 3674 12177 3452 5095 1633 41 70
1589204 262565 14773 56026 5544 36237 18203 4982 38 66
720722 25792 3836 2564 2002 1259 1496 738 21 61
402442 114771 33884 44150 62901 25324 32886 12266 26 60
955352 281955 125007 167542 74437 59831 70205 14899 40 67
1452603 188529 20415 75057 37648 21135 37639 20362 37 74
99509 11111 2833 987 2275 1595 1023 389 48 75
852250 790672 52905 94232 29704 30586 26079 14098 30 66
405567 93026 4690 8070 13204 11673 4870 3949 30 47
240446 23758 9930 23404 10057 15004 3997 1255 47 54
212636 26365 9547 1140 10433 3972 2869 2070 47 54
1505164 141729 131454 17736 72919 29817 8035 13308 61 69
83682 11136 1976 4027 2010 1833 1262 526 60 83
757310 60454 22814 6438 18365 7459 8577 2182 47 75
427132 157074 28803 67658 30908 36008 8979 9757 50 80
1631727 127298 21252 11985 23913 51649 13430 4995 63 66
499399 379750 9994 21407 79052 25554 20797 3070 56 48
899692 156365 49585 20614 61497 28651 18507 5095 60 44
1889509 205288 59305 63126 56397 22800 21469 7977 51 44
1043245 88140 33471 66120 32958 80030 20730 10736 54 54
122711 33281 3769 4343 17131 9517 2809 2887 69 63
233477 195118 77297 22637 71834 77707 7368 4142 78 63
1550509 35389 10834 30672 13309 37750 37757 12608 100 64
150925 74805 8028 7159 7338 9097 9161 2356 84 53
271479 328474 11868 40111 39080 68288 18446 7014 83 51
102211 11003 6607 2434 5241 5448 1949 1465 84 54
302929 57047 12934 5161 10431 8728 3660 2302 67 48
1104980 296874 37658 9053 24143 25386 11996 4608 63 47
652453 126808 3046 13995 90188 30098 12617 5270 64 40
208516 22195 20468 20851 7182 11901 4549 673 60 50
1464602 61431 46503 31661 50865 9320 25456 2829 53 60
531536 56343 35067 38223 44264 28474 11581 3625 66 75
1182476 36240 21555 6108 24639 29489 17404 6305 75 90
176799 39279 9062 8468 6380 11583 4558 1960 77 78
170801 882790 53970 53964 49140 35179 37610 13711 67 60
1324178 141939 90715 13681 80386 30713 14435 6412 61 56
120527 69815 6870 11711 5368 6423 9168 1421 41 54
593903 183149 13465 2990 13158 20961 10429 5952 34 40
538726 9055 7075 4036 9017 10932 5122 4496 64 53
325425 163675 88432 23105 14233 32806 43778 5932 64 56
152787 15444 628 242 3904 2213 2651 635 74 37
504446 49633 12156 4566 16584 7454 10894 1535 74 48
313610 65488 66291 33624 51702 37618 20613 12633 63 54
1643821 113271 8321 10428 8242 8702 3399 1856 54 41
864962 24293 8098 9175 5443 12077 3088 5778 63 66
1097919 227320 41870 33017 8982 30885 13263 7510 63 66
405276 46501 23319 6631 13520 5673 6107 2213 50 61
890572 120654 23802 25614 43492 38675 20022 11806 64 67
1343699 58764 95596 26578 11649 28687 24501 16657 57 78
300363 45587 10044 14758 18226 4789 3436 2086 53 81
394922 20060 4451 8763 4436 5335 5137 2080 61 81
499620 130612 17302 10888 8986 5570 8533 2769 40 78
148943 63633 5117 14232 6813 10549 6154 2428 37 61
275669 49617 464 6994 8940 11220 3575 6737 48 50
1091202 183826 42439 14184 56097 48847 34350 9974 51 41
878457 57998 4152 13765 5784 7454 7975 3948 63 43
1061333 208720 33353 69532 41303 36323 19471 9778 61 48
377755 8667 10066 7573 11784 8681 3030 2232 69 66
259798 42322 5291 8340 17654 8050 6659 1907 66 66
376809 52968 19602 2974 16737 7742 4220 3098 67 67
663417 13098 13777 8044 13227 3845 4834 2261 67 75
882877 57809 3649 3517 9943 6266 6615 1356 53 54
107907 96430 2348 17625 7417 8888 2519 2758 44 53
885696 64303 17816 34881 32325 24163 17085 18766 51 57
511991 367877 158378 26435 50072 102508 23893 11650 56 50
989701 67232 15832 7854 9898 6264 8294 3711 53 61
158577 77026 9014 4877 10676 6317 6704 1303 51 60
934837 230840 48004 30804 26280 16338 17893 5915 37 56
840296 32337 5195 95114 32760 30818 21239 17306 40 67
553986 31807 5856 29857 7639 12548 2061 2612 50 78
1795506 383596 34977 62394 97315 45934 18944 2156 54 78
78255 41385 3920 13406 11607 12886 6541 1961 69 78
325624 10970 3695 14781 6947 6364 6454 1498 69 75
196826 2955 2182 1792 2422 1077 664 426 67 74
287657 566388 44563 59175 18736 14734 23698 4218 51 74
370600 89774 20413 7590 15625 5284 5000 1870 34 74
920419 48288 3803 1144 4852 15410 4330 2949 38 48
1445488 129010 32633 11458 3612 6920 7533 14954 23 40
994890 730156 60211 70226 19288 30217 27601 18360 27 40
831599 86585 72245 35782 26070 35115 20082 15580 44 51
1269820 83989 31528 27305 16213 36841 12414 7737 41 69
213621 179671 41490 19568 13735 9748 5839 3210 41 69
2133992 357476 10581 14330 65005 39566 25031 12475 54 57
934462 162191 43018 25716 4950 7781 4722 3666 35 51
86558 34718 2170 8883 2616 2261 2407 1371 16 48
942547 301019 18018 44807 64366 32080 7242 3155 24 41
74574 54043 10775 12183 6564 4014 3182 1361 16 61
909972 234378 17906 8581 33688 17198 29217 3251 24 44
456779 57969 147298 276 21547 34377 16866 5753 40 61
517186 105315 4212 9372 36311 31073 13250 13994 53 54
965268 327812 22364 34629 50960 40770 15709 10319 61 44
519218 75191 38544 66786 33260 20693 19433 9147 66 67
204201 11128 6001 17678 9404 7724 3459 3193 69 61
1700277 269757 46052 80515 39669 76037 27829 12452 64 78
613395 82046 9980 8466 13877 9240 12840 1964 64 81
1039628 49645 67309 75142 56231 29424 23927 7118 67 83
834233 83665 44774 105380 34814 31115 10534 4596 61 87
147671 39036 6032 10009 20099 6050 2139 1939 54 81
453991 62546 19911 21183 23986 21750 28333 3975 64 90
604263 18767 5201 4027 1706 10496 2306 1048 75 77
456051 38429 21790 6713 13861 8047 8330 1233 74 67
504454 96331 8156 35530 60078 32790 19477 8545 81 67
913949 216896 14522 36840 34819 68314 19536 12614 83 57
293616 158881 34909 45966 24018 48198 50642 18135 77 60
528345 61175 10805 55626 23403 53242 16579 13677 90 60
2497489 255920 33861 49982 42828 160315 57117 14644 96 56
2407694 32981 50655 22534 17446 15717 8803 4311 91 77
289036 68857 5088 4943 6222 31695 7849 4068 100 63
1979906 241392 83249 53252 50316 62067 102209 10992 91 61
1055966 340183 52649 124984 37867 103342 51919 13995 81 67
212739 46337 8590 5394 4058 13331 10131 6516 87 53
1384496 175231 43942 67507 23116 22570 19480 20278 66 69
899552 69957 22385 48384 40212 81945 8586 17841 81 69
581512 52816 15150 9907 4211 12779 8506 1884 78 69
572674 82333 58030 42898 29579 38036 28875 3758 78 81
353666 16595 2312 9792 18883 3785 11698 1146 83 77
350600 162098 12726 34477 15822 21198 22516 4624 63 69
23113 105579 33671 25617 8883 41782 20882 5371 67 70
58418 60182 21121 12200 13333 54107 9041 2521 80 61
330279 86776 9604 1335 8404 12880 6030 1334 81 50
226658 114295 9739 11278 40289 37140 17684 4083 91 43
574072 62488 23432 39691 4841 40454 78558 5785 94 48
662695 76561 22515 1532 39835 11185 24893 13690 75 43
489020 118019 9830 17501 13282 12655 6866 3981 69 50
667936 152480 15140 31506 12093 57126 22130 7106 69 56
86248 60416 22908 28269 22213 42803 15544 6164 74 51
310427 107219 49458 50167 20817 30870 28249 5418 77 66
213991 25188 13323 6866 18693 27421 4919 2837 97 69
143373 35885 5140 6794 2294 4139 2209 1764 87 70
1225165 136441 44593 17160 71644 46875 24503 12395 81 67
66013 10503 1617 976 2892 2341 1565 423 83 53
513517 517782 13377 58734 21398 14909 20523 6860 47 44
202058 271048 32831 54802 34588 36503 25228 11958 48 43
220071 42550 4792 28093 6174 4451 3915 2249 30 54
817767 45199 8564 6106 5893 4317 11214 6155 21 60
67966 14557 40941 2036 18381 8230 16133 1473 41 81
222613 65362 1188 14101 5090 5107 2399 1362 35 80
100598 58521 66892 41658 67942 15177 16262 7442 40 80
83147 40537 5872 19848 8026 6247 3822 1749 43 84
459012 346554 14646 38426 39762 63316 27388 17273 43 63
485416 48682 14140 54091 25937 20645 31214 29847 54 77
605457 18818 13170 26771 9693 7086 3690 2850 57 81
772137 114125 6177 44794 26899 19510 19673 8161 61 77
415596 78505 23986 4459 4970 7092 2928 2102 50 87
791559 159716 13822 7603 30443 23878 7668 5763 47 64
514113 120716 15316 23314 51147 21039 38276 8095 48 48
288770 64613 19620 24728 18048 19686 20788 7478 53 51
1009634 56197 25219 44371 32758 66705 27990 9651 78 56
288592 80147 49512 23955 46303 37019 14000 9771 87 70
732533 299120 28465 34075 80484 62907 18727 8970 90 67
361917 50664 11203 4414 5815 15819 5182 2014 91 61
370096 121137 25382 19120 6924 24028 21154 2907 77 56
552349 165284 80742 12247 37492 42524 30394 13380 70 54
959623 80028 23389 19915 29689 66681 10203 14356 84 60
1753121 339988 34160 12951 34909 43369 24206 4601 77 53
228604 47812 6146 8099 6711 15259 5597 4421 81 50
1659866 81637 26454 34382 37423 37872 17341 11487 88 50
350223 45434 9644 7499 8452 11204 3918 4641 75 50
301759 18363 2021 3900 2341 4594 5180 1799 80 57
576244 21369 6134 6068 5791 17330 5896 4366 88 61
113187 55946 16569 36174 28881 61450 34564 8441 97 60
138506 393358 38620 52197 11214 41769 20312 8312 91 57
1207668 170585 16310 36848 12255 29181 19842 16525 87 57
778522 521653 79158 64121 36884 76611 45803 27065 69 56
228937 74439 24369 22443 42636 53581 14337 3625 67 54
