85220 113547 6202 5465 2308 11590 5415 1890 40 43
274908 66607 7921 5300 9048 7901 2979 2677 50 30
234767 109926 50675 16518 16849 19811 9916 4323 47 26
817879 93247 22604 13086 7993 10917 4221 11626 27 26
930759 11316 3915 15087 10537 4762 16120 2153 35 50
570359 226640 7237 15591 23916 70656 8957 7293 47 43
373174 179529 93006 38892 35338 49874 69763 10314 50 43
799235 271514 142947 28542 74102 57764 35075 10874 56 47
1365792 28929 3206 12242 13583 9826 3642 1690 61 37
2229029 404496 29856 24379 13018 92829 17215 24654 57 40
323424 59836 27553 6307 7181 14265 8248 4455 56 38
1312996 131420 45299 22467 20364 35699 38809 22899 60 38
1240816 633032 145267 186363 44346 69267 51308 11043 47 41
306689 118154 25424 13291 13916 12513 8002 2638 35 51
2432151 94469 3750 50426 63845 46874 27409 4088 43 47
491385 31517 10227 5223 18482 22294 10480 2398 54 41
202867 100314 8820 29290 13480 24484 14609 4090 64 35
528322 193559 19829 18894 11489 6412 4293 2890 51 30
388082 74669 4189 24395 10522 12822 6559 5314 40 34
45520 214786 21103 34330 25407 50571 35311 5119 29 30
621936 268124 95009 52872 28871 54586 29078 8002 26 37
1298905 59128 21732 20178 29195 14132 8219 4072 47 44
1123144 153077 63140 37632 21383 20502 17969 7567 41 51
1762107 604571 59814 43443 25087 39543 20785 19442 27 48
2159796 709107 191264 43841 29523 86890 102296 18701 23 43
71098 310134 42657 32322 14065 30645 32383 7459 16 37
1184378 383371 6974 17339 33056 54341 27860 17720 23 11
1003280 230261 88049 10437 28838 48362 37636 34960 34 21
768506 385535 89900 39218 63271 35186 52455 14444 29 21
436054 39743 23687 13993 14431 8860 6664 2806 34 34
2694763 186535 13754 28480 36529 43438 23567 5178 38 44
135133 12973 3790 10342 9272 8774 6986 3897 48 47
201237 50315 23512 2227 4826 4976 8104 1831 48 51
418095 130908 68155 16245 31130 34976 11257 15020 51 48
1530178 30289 4401 8566 11538 6458 4742 2143 48 54
148850 9833 4410 1389 5309 6454 7446 2293 51 50
476122 129212 6500 1686 13179 11001 6305 5182 53 27
486939 114384 21198 9944 16729 28401 14827 8662 54 20
1385588 408027 60193 99960 66770 30392 18882 18811 43 21
300634 19542 1698 716 4087 2652 1579 633 29 10
84889 24880 14929 25408 84427 25873 22441 8019 48 27
110494 34239 8501 7673 4670 7597 3641 2063 47 34
673081 96480 53157 12268 9849 25139 13515 3023 60 38
221458 63315 38943 32256 12731 32086 26135 3193 66 60
243439 35830 19555 35386 16261 45150 33000 12415 69 67
427075 25556 3713 20473 15912 17698 12720 5802 80 67
253147 94451 1660 4308 15585 11242 8848 1535 75 43
784791 105106 6866 5749 18762 14529 16298 6077 67 21
151625 37812 76913 29493 22318 39669 15302 6347 60 27
217828 54611 11323 12658 82276 17982 12827 2225 54 16
46911 63795 35114 39904 12460 45084 13932 2771 67 44
110303 51132 21572 3894 19300 10718 9650 3805 69 60
302113 173581 23057 6070 66400 54582 13512 9358 69 35
1071494 230816 167070 15854 17580 31552 14420 22039 56 51
356080 82188 22696 16855 36159 37374 15255 9665 56 41
1942298 338543 74556 5525 31620 103127 92276 21565 64 34
305228 176300 15414 18920 45006 48033 22540 15602 61 35
1425561 54907 55216 86227 93740 45596 61254 22461 77 37
1514401 244862 17709 5290 32080 48415 23124 5834 67 23
695892 225055 15048 22286 44310 32122 11037 23066 57 21
31837 25490 17263 14190 31072 24469 12667 6400 64 35
34484 46590 11096 13417 26236 23442 6598 3152 67 21
237774 110191 41663 16701 64359 23425 6852 8003 66 37
853101 30257 5435 4467 4568 8147 5325 3045 74 43
230658 138823 41781 31840 35594 25121 28104 2095 60 41
52988 118103 51306 36224 17095 25565 13180 5064 48 50
416639 194212 30879 34902 35796 24750 14474 8081 43 50
255684 100832 35797 20967 8746 38566 3492 1675 47 54
974017 100494 28595 10740 14998 30726 13034 4358 53 51
218622 56246 20097 35325 26156 22398 9976 9980 57 51
511673 77203 13502 20919 7453 10630 4428 5599 57 54
56495 28973 29821 6189 10614 22330 12040 3666 61 60
193558 32151 1919 12732 14699 19929 18349 8030 67 56
511097 79054 2979 25613 28700 8287 19982 8585 57 47
30844 20249 6058 8797 14480 25454 20243 5353 81 43
143255 7264 2801 3813 1930 4874 2595 3914 83 41
272493 74123 17694 59913 29272 20153 20265 14751 67 51
1259510 469474 97733 12753 19476 27258 18788 9054 63 51
1159017 482830 46660 5317 31694 39819 35947 11308 35 40
1248653 83497 12885 18503 24792 30891 9617 16239 30 30
353745 113789 25140 26728 22289 27090 41649 5426 34 24
291218 141022 11573 24765 21379 19890 34958 6345 44 24
1671692 51672 38634 51519 36807 28320 21117 8173 56 48
115086 88777 41095 22163 17628 33345 24199 9753 54 56
23153 13104 1748 12937 12908 6490 10196 5474 57 60
23300 19207 26793 14509 8602 29305 4844 1815 77 75
997684 213733 53593 38850 43901 27491 25208 1966 67 66
47541 32317 12720 22550 26648 52102 27755 19569 81 61
467682 80047 17656 6200 19219 35089 24083 4187 87 50
209169 76184 28285 14731 8631 26010 20021 3852 77 43
427535 150258 57657 26886 7473 17992 22783 11109 75 48
310306 58197 2699 11100 3894 7614 4699 2736 51 41
108950 20697 24570 5785 8384 13686 12732 3524 48 57
48477 53070 40513 2311 11391 7740 13553 1831 38 63
915512 27078 61644 17740 22505 54635 29168 3252 61 66
449749 35761 2978 1970 6904 6513 4880 2917 66 60
292135 36045 80480 8170 3396 39041 23300 14838 67 64
46411 24488 31473 22433 19818 30393 7026 6717 84 66
74496 10441 3219 14412 28269 22332 8833 5871 90 56
594346 24917 1887 2430 7037 4173 6479 2730 88 57
349341 86501 15500 41468 11148 19004 14709 4147 78 50
36003 15334 1945 19628 33472 15138 12569 2879 78 41
160712 14959 1683 2727 2045 3648 1478 506 61 38
83560 15863 40290 19459 22472 48516 11700 10805 78 56
112299 31124 5446 9139 16025 25643 19078 3824 94 48
13939 34620 8302 13269 4316 18708 15728 6503 94 48
87635 190225 3113 5269 16918 12720 22104 14394 81 34
1460997 323725 25165 50038 22956 56257 37938 38693 63 20
161085 36902 7314 3853 3548 16248 10412 2698 57 20
14023 14095 4877 18284 25898 36792 29377 7743 67 20
12941 21519 6207 6552 30789 13416 15912 6980 90 35
1713897 176428 19639 12402 37363 50263 17352 3728 97 27
66848 45500 23083 20199 22391 12030 22291 10738 87 40
217893 14192 7360 2204 5607 5757 5507 2869 70 41
321573 21406 28557 16423 3753 6214 13916 1465 54 63
874238 12056 9671 4713 4568 11560 7411 1441 61 80
742672 384572 18512 15928 37912 35644 13541 7135 56 60
145139 87477 19421 18805 48395 31320 14910 8532 56 53
1124577 73534 36792 13659 22428 64947 29721 8851 77 40
211635 13265 9084 8435 45845 25274 19082 7630 83 29
105646 13645 3487 3629 6307 5594 3224 2300 96 41
155814 34637 801 8141 18292 18347 28031 14081 100 37
48531 9088 2058 27520 29209 29844 26668 12067 100 38
30296 21593 24440 6060 7514 19792 13106 5938 97 50
204688 103033 65185 90483 25097 19441 33188 5327 84 63
77919 17344 8928 648 5296 11187 4420 787 83 70
27616 13660 16451 3794 7442 15940 13426 3466 77 74
32277 15573 2567 14503 24485 13480 27270 6696 78 66
53189 30367 13947 23879 18170 12726 8454 2608 88 61
15261 19207 12117 21850 6852 13568 15329 9498 84 75
259846 28770 5267 34102 18982 24228 35595 4348 80 77
57068 19254 8378 6343 14414 26225 17333 13732 87 74
17898 14844 1563 12670 19090 26369 16393 5496 100 61
598699 169680 6865 48253 23152 65566 47090 21476 100 47
94059 60903 15875 9275 7194 11656 2343 2762 96 41
554706 338855 38974 65206 45821 115039 75549 26231 84 38
1202257 46253 10332 6998 6303 9299 6256 1527 64 40
30654 5527 9189 17015 21847 22817 17109 7458 74 50
35853 50351 15246 17004 75485 41452 15311 14717 90 44
22747 25264 12517 2392 13102 15564 13120 10096 94 48
229178 27552 19047 5256 7577 8376 9342 2701 96 54
73369 26394 7699 4646 20387 7111 20216 2841 80 47
133605 14006 5966 12912 2098 2629 3027 1552 57 63
369925 15137 5448 43501 12335 20822 19094 30038 54 78
814558 157991 34235 14364 10307 16286 20223 2732 44 67
24217 26219 2516 8480 7883 21255 4047 4887 57 64
34818 19455 19690 5078 9275 12494 11069 4928 75 60
1045021 212064 41972 20567 24999 29467 9591 12711 61 43
199105 83718 22827 9949 7614 21422 23559 8143 70 47
13883 20092 2983 4488 5653 12183 19123 3457 67 47
495995 47588 10251 8834 20839 23446 28145 7211 67 35
44424 14905 10344 23036 11820 41378 53871 6732 93 43
156466 6491 516 4387 1769 3229 1954 1836 97 44
47876 22216 7630 9641 7508 15520 5956 8191 97 53
63562 8444 8548 4096 5081 10179 6079 9944 100 63
154857 83357 27317 9365 5116 17567 18428 8897 81 60
18229 21080 9117 7285 7645 23302 3980 2346 91 57
39820 12007 13712 12373 18820 10727 5848 3753 87 63
11352 94918 10088 28535 6963 5049 7692 9631 54 57
292478 5329 907 1823 803 2596 1383 546 64 56
1272283 255843 37231 25726 30449 28471 67855 23768 41 50
918469 313042 42550 45913 25233 52937 26166 7758 30 40
723566 219101 8887 37064 32615 29910 38034 18522 47 30
37878 75612 13449 10170 35322 10713 7571 9801 34 27
20330 16662 1158 17138 59791 16853 9422 5995 53 26
46960 6818 6361 10817 14812 12923 11157 3474 70 35
3453 24240 5751 8064 11002 7847 6925 2085 80 41
292224 55829 1063 23756 12187 10090 6783 8026 81 48
342674 212584 6451 21369 27414 18863 6208 6820 60 41
215898 9234 1402 2636 2261 3940 1341 611 53 35
23850 12796 2860 12544 11245 8230 6152 5730 57 38
80623 13254 11155 5425 6677 11369 4983 5640 70 43
428162 17556 6197 23798 3377 11690 9104 10800 84 66
11883 5891 9613 8795 18434 16668 9090 7848 94 70
1238802 139388 56360 52980 10631 28446 34638 11731 81 75
1080012 157159 161279 24669 25457 42676 50797 13353 67 80
233524 81393 23404 13118 11908 10709 9873 17704 56 69
902669 171530 34643 20459 14283 19078 36190 9385 29 64
161908 45193 6903 10985 35581 29936 14938 8082 48 50
1033715 137334 15183 12261 20091 23889 20054 6350 48 30
82228 2612 1508 10155 10986 29309 9738 3101 77 29
29227 14549 6588 12182 4711 13221 4387 1373 87 38
451789 282058 6321 4160 6983 24726 9713 4626 63 24
49916 22668 12118 3332 16110 15667 9873 4672 70 34
219985 27452 7527 25406 10426 20858 18171 5913 54 43
877135 176046 25353 38171 20819 33830 50427 8128 47 37
850122 38785 15320 3506 6790 5010 4569 2075 44 61
93455 36571 30277 27617 11335 13406 14311 15483 35 74
76135 32847 1275 1495 1163 3020 1253 981 21 51
720086 519059 43164 12572 67307 37875 15624 8577 13 40
899912 49416 5199 2585 6962 11026 3900 2082 21 27
1403910 487230 531838 88867 96444 246920 175348 53195 26 24
239183 81104 6210 18518 11387 12852 6853 6013 29 38
16386 40067 4649 11651 48185 31492 39139 8871 51 43
1071187 164245 40829 19649 33628 97426 15594 6286 57 48
26792 16697 4316 23584 19299 22152 10770 6393 66 41
82826 198593 48990 27718 9186 22928 43473 12754 61 44
66495 6298 10111 8377 46491 23486 28478 4809 66 51
35744 43853 15154 9547 12254 21733 8521 10508 63 56
285624 34995 3966 2590 15331 6240 3915 3334 51 43
2521567 22778 15738 31642 69864 36127 21990 5912 67 43
1215879 323255 76411 38720 44614 131086 33488 8504 57 43
179830 50561 32255 16449 6546 10595 11664 1265 48 50
415901 50010 6225 14544 7140 6618 7208 2111 43 60
22350 35877 2905 6365 11642 7351 17054 7758 34 53
40619 15237 13781 27874 17598 9022 18345 3338 26 67
83087 19415 424 1452 4374 3971 3570 631 30 44
192564 27517 16582 20088 12488 12502 13345 13829 40 53
46899 22020 6581 6790 11212 30919 16762 11085 56 54
29843 6826 7026 4958 19092 23737 10729 9955 75 40
45719 12970 703 9760 10417 26600 18368 11376 91 50
350696 272698 5341 8093 8541 22075 17784 12596 83 23
33112 19007 6770 12546 23747 16702 19590 14618 77 27
625557 36352 12919 10062 9113 23709 12783 15194 64 30
32043 87565 8080 28236 16617 15851 10323 4785 44 35
57382 14026 5140 7696 10859 30039 11438 5023 69 51
26482 3783 3733 15853 4199 14907 5360 4531 74 61
34641 6141 8620 9134 10094 17824 15795 6453 80 64
621022 160392 3195 12297 8874 19503 12182 5626 80 53
227262 13102 35611 7751 18262 18766 11967 5443 67 66
37836 15064 206 2761 15769 14819 8050 3850 70 40
39476 6212 4898 71926 22279 27356 14941 4458 63 50
854839 108244 15184 7544 20565 19632 13667 7059 64 54
18922 7315 3710 3957 11390 7289 11657 4610 67 44
49991 12998 6343 5922 998 4864 4034 1117 54 67
24714 9624 11288 9289 16781 18565 17629 7380 61 56
188985 10363 2937 2571 3137 3392 2134 974 64 64
13125 5649 248 4200 8216 20453 9304 11164 78 54
28080 9380 3484 7909 19286 12483 4429 5425 88 48
67570 104418 6096 1503 6060 3608 2278 1600 60 27
139115 56336 34626 11802 15904 20522 19690 7041 60 34
203883 54628 16809 1639 3460 5610 2106 920 27 41
31027 47472 27093 9371 15598 2728 6389 3124 1 48
533483 51478 34015 23235 9427 23365 24089 8430 17 69
150243 20781 3554 12091 7001 13812 13366 6269 23 67
249880 10791 1767 3463 4913 2819 2008 1020 30 66
193865 61309 35405 22664 23285 14058 10719 7408 44 67
211877 121149 55673 33291 25604 23112 54515 22835 38 66
63303 326125 12757 11622 14424 11875 26921 18345 14 48
80785 12321 3907 1984 4374 2686 2225 2990 13 50
526787 32996 2243 13461 16958 10458 12461 7219 20 41
279736 136841 6552 6489 4534 10828 26874 12411 14 23
28391 12460 2771 11314 11572 10753 7630 4753 40 41
23140 24917 7562 8122 8911 3152 9434 3720 34 44
486128 107473 81858 6079 27513 39438 37118 12858 34 50
83061 104205 41248 1075 7503 18563 14484 11432 40 64
37553 55029 3025 4782 22700 12442 5883 7524 30 50
148701 14873 4236 1804 6360 4685 6891 1356 41 43
243159 209827 36589 32413 23947 23511 11679 11712 34 37
76793 137826 24903 18631 41610 47007 12208 4136 38 30
384971 353379 35743 12705 3289 23267 9790 4355 26 35
25171 10044 3796 2327 12172 3626 2630 5323 26 35
114903 33312 1277 3397 1477 3280 3770 319 26 27
253960 6951 5322 1352 2444 1841 2059 919 21 40
26823 8498 8128 2597 9354 12683 3530 3714 44 50
24434 13643 2682 1446 4129 9567 6411 4266 53 47
50685 65224 16136 26412 27010 11502 5309 3096 54 57
37548 17787 4212 19963 4597 6161 5709 2112 56 61
56875 8267 28071 1324 6202 8878 5736 7563 47 75
16788 5299 9767 3214 6364 5225 2327 6293 40 90
143361 36010 2994 9713 7155 3173 1518 934 37 84
83472 21052 741 9209 3527 9384 6604 3087 43 74
102226 38069 6919 16583 12046 3738 7265 3502 29 63
150107 51855 17537 12336 14739 13833 7613 2984 24 56
29245 98958 69915 29626 41670 11679 8341 3931 23 64
701394 57002 3808 14815 13492 7724 7431 5477 13 63
17646 9519 5684 8192 4737 8863 8213 6629 30 66
14790 8339 7263 7467 6161 10590 9582 5193 40 70
7500 7100 1560 3301 9726 14056 2556 2761 69 56
14232 12015 30005 52691 25006 18904 15554 7486 77 75
58283 78255 34429 28889 10651 16931 11829 6107 64 77
25809 32824 12570 2425 15200 16428 18499 4195 63 66
207815 29662 18537 7108 5532 6999 2037 1679 41 80
60080 47688 5445 2635 1790 4720 13881 2780 34 56
13196 7673 4890 9160 32711 24003 9230 5447 54 44
29188 15225 4217 4130 17307 20958 20293 9210 63 41
146196 33088 18779 15465 22824 16408 17671 6728 69 40
3443175 834210 74428 90662 32921 91389 41594 25955 69 41
195749 41197 14084 6575 1067 12367 5815 2669 53 48
73780 18218 3764 7668 10625 41688 35736 6563 56 48
19349 37205 747 4896 11675 16890 14953 2342 61 29
26321 7869 2001 9003 1375 8788 5913 2740 78 41
29285 11323 6476 10858 13122 12969 5880 4605 87 43
174662 83235 18424 14702 16331 7548 9120 4569 56 51
206551 16178 2689 3847 5252 4981 1770 508 50 61
207327 49214 16226 7352 3732 3275 875 1525 26 57
108559 43963 10348 3369 3184 3529 3759 3564 7 53
1302286 469069 43695 83396 17763 36161 36729 13778 7 51
225952 66101 10134 11981 31291 15641 21441 6629 4 48
17740 23964 2034 6099 33234 28433 17931 10282 34 34
16549 6955 6206 12715 9375 20092 16809 5919 57 40
505921 31559 3798 30398 36224 42273 32067 11127 81 43
48497 14033 2686 7766 14534 16194 5335 15300 93 47
291486 88455 3085 4455 20788 21809 14503 7739 81 40
163010 19844 4198 2870 6265 10694 2179 1258 75 29
92969 28699 6831 5111 11921 8558 3895 3068 64 26
30313 32592 27333 25692 14067 9015 18666 4210 47 40
35746 13105 7856 19172 7604 8086 7484 3555 47 67
31603 23947 16875 7562 9090 11120 11779 2663 41 78
248803 17416 2768 544 7078 3297 2946 801 37 70
17858 3812 2459 2450 9136 14052 5175 5550 63 54
62021 32909 3401 1423 8236 1987 827 1011 50 34
106939 26432 11975 5318 22092 7568 4896 2194 47 27
14762 3941 2612 5714 12765 8995 5228 2974 63 40
26323 5799 1836 3893 1752 8515 4348 2881 56 47
10865 8202 14587 4757 39759 13159 10687 11585 77 57
475085 250784 11788 8509 19893 13485 7427 5123 64 41
39754 44615 13518 1422 4737 8201 3726 3715 48 38
29245 21755 2590 9509 13488 12722 6861 2483 41 35
175165 14693 324 2255 2614 3558 1978 1446 34 24
9839 16322 1483 5299 6586 6381 5240 469 50 37
8144 6439 5459 4108 22866 7585 2075 2363 60 37
11933 12952 2005 11922 10737 10511 8431 3047 61 41
15722 1955 5389 2447 5887 6865 3232 3204 74 56
8248 9286 3409 4997 8769 8238 3740 6413 80 60
14308 14488 3119 7636 23392 19638 5922 1012 84 56
36274 18110 7371 8811 16654 12584 7116 4031 83 56
127561 72699 7656 4349 5847 25588 6328 8577 75 41
21167 13718 4479 9209 3070 3466 9172 4394 61 48
12918 7624 3778 3181 5062 15374 8724 2225 64 51
338696 356725 114462 105608 28557 97050 43597 25218 64 51
135803 17747 2106 1217 1764 850 2035 1253 44 43
29889 10635 13582 8217 9265 19111 10851 2839 51 57
197164 133389 32597 6527 9606 13156 15428 3711 47 48
54774 9009 12328 3555 4048 8740 6159 4683 35 60
21135 17454 4160 12360 11497 7151 12453 3121 50 70
25119 8388 3424 2581 5140 6190 3268 10579 47 64
54105 59067 13068 1627 1443 2420 2383 1103 38 64
63912 18239 7185 9255 21957 8641 14700 6074 35 56
160733 23338 5518 6684 14742 10840 6405 6192 40 50
47476 27891 36810 5390 4099 15392 16855 3825 34 61
375351 97965 7949 6096 6284 5604 12160 3576 38 54
1279465 136758 34044 17030 3598 32572 24770 15913 35 53
1207503 22792 2130 8564 14089 4386 5163 1091 26 53
188739 47540 2582 5528 5088 4622 2234 1409 16 35
55163 26028 2668 3193 11230 24968 7565 1854 43 30
17804 21558 14519 8231 10949 6428 13885 7665 41 38
7018 5989 3579 1909 13714 11714 13575 5979 61 34
254095 116684 92935 14541 19676 12767 6692 5982 57 48
30683 12729 2286 5014 4411 14864 11931 4670 57 57
487494 88710 3228 4894 14238 19118 13875 5289 61 37
175400 26597 15500 2850 4455 3588 3482 870 38 48
23546 31240 10072 6087 8662 14318 8720 2734 53 40
106107 50014 13564 16171 18154 9256 12216 3090 37 44
2214173 147774 25846 17229 20879 13846 9018 3405 26 56
22106 11645 4617 2114 12831 7898 11654 4803 41 48
47309 8157 1792 1837 19340 9244 3897 1909 51 38
55550 12192 7126 879 9059 7000 12107 5067 61 35
29216 28214 9505 16121 6795 6845 5756 5901 66 44
31158 26839 7375 8604 11226 14093 8821 4320 63 50
14202 9316 10558 6531 11582 10947 5675 2908 56 66
29339 17999 4977 15611 7173 7474 3051 3003 51 74
72944 9927 2411 4975 8979 4269 2640 1511 57 67
24175 19458 18260 10826 23148 22726 22493 13557 61 70
192297 68435 20274 12060 21751 33878 20068 2025 60 63
26267 15046 17562 1782 11850 23800 12751 12203 70 57
27215 10501 6369 11211 12326 9788 5616 2761 75 63
21214 6100 4316 1616 12148 5579 5061 4834 75 56
152370 25808 8917 13992 7576 13728 5164 2592 74 63
639665 287522 48026 64365 26968 26030 22102 13773 50 61
