9276 12199 2176 3228 16599 40522 42325 21425 
937491 82273 8197 11394 24532 38986 18478 18915 
11189 8938 4058 5566 6135 10104 11813 35307 
186245 27302 2764 1427 1520 4944 9108 2731 
230525 71761 4809 3357 4176 14319 12231 2217 
225469 32941 4032 6590 3276 9751 11394 4562 
85723 12377 1427 1505 7195 4226 7836 4585 
58599 9041 6048 6022 13189 42038 26550 25932 
187242 34030 25112 27447 16038 35882 48259 7786 
60160 30446 2648 5177 6328 10159 5325 2510 
1204801 133060 12755 10033 35814 45996 59878 24030 
97471 106425 86826 32221 14133 36759 32326 64389 
2114086 201926 32052 8388 9127 52921 16211 37573 
6680 10275 3169 10936 21335 23094 39014 13828 
59339 9073 6237 3242 11036 36112 17908 18881 
26990 13311 6045 10434 14359 34877 21810 11213 
449190 131998 22575 8080 24536 24695 27386 13544 
149472 65909 923 2902 3396 7074 5711 9189 
75725 42639 2024 11828 33018 15600 16810 19596 
1454279 243735 8185 7474 19575 35827 38769 9308 
507024 107242 4543 7238 8976 22945 28549 7628 
238741 219761 51345 70703 13716 12336 13113 5047 
749851 857028 124742 27684 23242 41930 86110 13629 
11549 82338 17956 4872 15969 37155 19508 22512 
728602 71742 6969 4201 4710 4979 8541 4097 
22123 8760 5533 7893 14741 43542 15450 4155 
1594268 326525 93494 20890 30515 58491 29930 7271 
921604 20902 9095 4004 2630 2712 4187 3627 
43305 34341 10045 10441 12404 30244 30934 9371 
393517 81875 17185 8152 22124 36682 21056 23414 
466013 36988 14311 27392 36656 47702 43677 28635 
310944 50013 18664 1873 5984 5940 10614 2144 
88819 45982 14488 12574 31759 46261 19722 14745 
386660 87084 54075 14706 21937 51107 47243 7122 
206024 203599 19860 30857 14816 48552 24127 15932 
86500 23698 6604 2551 4095 5482 7531 3183 
383729 179584 17823 15427 14025 31039 22095 7848 
23219 13224 3712 5628 22249 25454 19945 8159 
15063 14558 8370 18598 11782 26770 43562 11791 
1268842 288855 62989 27106 33755 46556 31581 25648 
15196 6590 4683 8983 11553 55913 61200 27720 
2317 3076 1004 7344 12505 40282 16794 8225 
803543 97215 20785 5336 6254 26285 30781 6933 
444856 63740 5253 13881 3615 5193 2198 4021 
301482 117078 14228 3341 24720 67284 36412 23150 
244494 70272 3930 16925 14828 43673 43002 23638 
446290 213137 10978 9612 24823 67205 20407 14070 
1952444 476804 83233 53748 43647 44564 31997 19384 
564216 134460 62520 18419 6456 24261 22166 13690 
987154 460876 135124 88295 26528 31458 13633 8286 
1306177 143103 20271 17631 34283 42515 33550 8876 
25630 33439 6587 12259 10430 22777 35494 20112 
431709 148593 1115 36624 9361 21941 6422 5068 
96365 88208 41780 16869 35006 7965 16400 5044 
690521 142112 42224 106107 11916 29808 16258 5292 
60583 10601 4614 1591 1058 5205 1440 1895 
845407 276097 30397 34057 12687 88250 63584 15621 
615104 212627 9395 4136 6938 8136 6246 8186 
347838 39413 22393 14305 4275 20626 5217 2347 
740262 114442 55899 13716 10983 14875 9222 2741 
1203387 98739 8861 4491 7687 7118 10891 7789 
1035070 236899 37977 13728 3020 43763 20938 8689 
33325 21575 7874 7380 13465 38206 21475 28739 
1591273 82105 121444 48119 25073 68165 30908 20892 
163497 13488 5585 9153 34803 45046 28158 31672 
1428309 129202 34586 1129 9249 59609 60972 29422 
550953 36735 19830 28704 18410 28786 26935 16659 
2133285 575261 8667 24307 20267 33801 18924 7165 
1235545 160229 39940 49114 17442 31584 100912 11217 
994410 196728 26186 44265 15505 37830 85237 14300 
79715 12505 2245 2597 13842 12743 6677 2407 
443753 150552 26904 17680 56386 49328 24369 32518 
2312962 258440 29782 36365 16023 34032 27089 13191 
166465 305204 23716 32217 7776 64942 33728 8192 
1089739 49460 4525 3968 3438 13739 5954 1220 
372752 61785 10630 4018 15918 33032 56743 24980 
512456 62881 22771 8698 24583 25423 49032 18979 
1472807 139282 72473 31344 14211 37175 17920 11727 
21118 5332 8034 11622 27451 26427 17522 18876 
87484 25980 6042 4014 17499 40983 42096 9396 
321891 129688 12249 8553 34466 29406 17944 6200 
1481956 168908 12567 4600 10365 28840 41034 28094 
694827 106792 7277 2415 4095 16034 4539 2674 
74157 7910 4514 6287 36062 20300 26632 11282 
12430 6797 3868 21593 10596 41956 25972 19771 
159507 158657 7408 34025 28694 35825 23358 12452 
7410 6815 17497 14539 25146 50310 32876 13616 
463090 41977 3561 4209 18547 33060 39601 12032 
400085 34584 45420 20453 15268 23153 46828 13416 
3718 7006 3772 10252 14145 24570 16567 19332 
12313 7431 2920 8453 22565 64069 44757 8998 
422177 30946 5466 3250 18950 22605 57670 4738 
221714 75296 26992 2911 11605 27148 23599 24966 
1361268 232668 40708 3624 18481 62811 36756 16427 
14521 12433 289 8460 14492 46832 31425 15842 
699389 107614 20260 12787 12132 13980 9275 3519 
1358743 239850 31817 14718 22058 46162 21656 8044 
395535 26267 6737 8016 17660 32703 17581 14883 
2388631 162905 50896 6644 25121 99599 72368 39520 
120985 25743 1337 1223 3792 4814 1824 3042 
709055 20985 20254 13426 8378 9114 16813 2705 
993883 151222 35218 25793 12820 15698 11456 2565 
1284177 44461 9480 10232 9323 7110 7435 5501 
386325 42218 6006 8312 30401 26942 20910 20860 
331197 18279 14223 41266 20681 38862 34107 15592 
1563844 136140 18632 7272 6879 7812 8350 6399 
34411 21002 4585 2473 754 2395 1277 1566 
1704092 359944 15068 43756 18401 36865 24799 14030 
195392 8508 1117 739 1505 2974 2213 826 
205726 142949 65872 37665 20262 59224 25272 38752 
122416 28508 4280 3454 2764 6893 10455 4445 
15806 8298 9520 3397 13793 118055 18398 13339 
168549 29137 35435 13413 17372 28446 20012 40018 
342204 94526 14576 2591 3991 14495 10830 4392 
881449 147921 4450 9440 9919 8814 10374 4692 
623037 37325 13057 4044 7619 11241 11108 5066 
238249 18378 6210 4643 2883 2867 2963 727 
1884350 133519 10644 6328 18895 44636 50167 33321 
132234 35963 22593 30799 31826 73844 33414 6536 
739346 163601 16357 11483 26970 119626 21089 14021 
677004 14720 24732 7511 5464 6120 6486 6102 
1017955 127688 41867 11671 6954 75794 25762 13690 
468139 29781 5914 2273 2002 5024 2248 1166 
817660 35421 29253 7487 9812 12876 10444 7699 
1077869 117715 45588 12176 5595 18112 20596 3841 
788086 199947 66009 40428 50337 38597 36609 20902 
426322 53762 20710 7046 21748 68149 17914 22556 
16380 11207 3071 9130 20438 47095 27608 11221 
3227166 83390 65037 11048 51273 34524 42608 7903 
355055 60562 6029 9657 2977 10092 6172 10209 
1671507 250830 32209 11671 16240 35736 18170 12421 
427440 91395 57155 85623 26728 56607 33429 22857 
114154 84479 4924 575 5049 10964 7132 3003 
17840 8755 7356 10660 21736 34449 33855 21810 
8681 12088 13336 4195 9561 61422 34010 6722 
169488 33002 9601 7939 20352 29753 29236 7740 
41677 26535 10923 6107 2305 12508 4229 2067 
934831 114435 9586 9682 32895 54663 39298 25408 
1008225 93789 10142 25392 25632 29729 9535 34115 
752176 174002 78756 81788 41671 46047 23581 14884 
426563 121626 51656 18013 23679 52721 29090 11979 
643505 42930 1634 8509 2653 19509 9180 12512 
567106 46956 6564 13176 22044 26765 43656 18978 
798136 62784 78637 2756 8520 13340 11977 3538 
740745 91401 18022 35983 2921 10611 12064 3374 
2384616 330843 85164 89617 9924 24102 48292 11741 
2257303 773935 115163 26217 28719 32584 29770 29735 
124797 139018 13115 33441 18067 40280 45910 12124 
88567 97581 4741 4034 4792 15041 5630 3850 
122112 19754 9298 4655 4094 2863 1054 642 
699712 85963 19811 54201 12646 15165 9497 2322 
946903 281256 15347 39602 28730 29250 28724 8462 
1552386 17204 42249 4551 8339 4291 5781 2818 
344725 1015983 70446 57096 41510 78395 25988 26702 
365997 128377 36316 6153 10046 9466 19571 3175 
160868 145239 6797 19387 8279 36072 27490 15976 
541781 135181 34184 85109 19091 25729 67113 6407 
1263768 672516 157949 101689 153745 53620 83619 54307 
111216 30739 6667 4460 2459 5744 4106 5132 
1270441 1237838 344200 276418 107190 86168 224634 31632 
1011091 149058 9266 16862 9279 19632 14721 9324 
321301 21619 6141 3485 3212 4044 2576 879 
807021 84462 15370 7302 3191 10215 28603 4983 
53438 4023 1040 1648 441 475 1819 882 
234117 57065 3745 10125 24388 31054 22115 13028 
22794 26076 6312 6971 23562 35329 40337 14728 
58988 27737 5111 2863 4470 7165 6788 1991 
865478 228958 78591 24984 22169 50242 43103 26617 
2273402 163845 54356 63068 48896 128128 29534 21746 
1174886 728403 11752 66172 30611 77148 32455 22453 
343973 103727 14435 16168 4075 27419 12139 5208 
408786 51770 19165 8365 11076 27574 17255 12120 
2123162 68366 25139 8786 11228 38207 20878 15128 
1354815 322259 7866 43676 21467 83502 41582 9082 
371280 500891 42415 22913 15750 28198 24942 24690 
1552056 82145 36257 36544 20060 62854 22282 14796 
1183625 60087 9188 1803 15243 11645 12230 4278 
523109 39055 6097 4217 3831 22721 9612 4617 
864409 20272 11821 7902 8290 8978 9422 6994 
104954 52379 1447 876 4363 7402 13457 1711 
1050952 73281 9956 11254 25730 61299 28368 21814 
1838571 295005 20066 12548 8277 15656 22878 6370 
846355 87007 7594 8853 5331 7908 10216 6213 
590008 66426 69076 27850 24302 84405 22686 12599 
1275263 72835 38501 16386 14817 34312 12195 7408 
381700 42990 4514 16085 28990 54914 17231 3447 
1142690 110123 8905 26695 17064 9088 10753 1297 
441844 29132 14569 17300 9883 10055 12712 8314 
1037864 307605 44587 63615 9870 8201 16635 10132 
394803 43521 5884 7508 4800 13392 3951 16757 
111574 28569 12033 2933 5173 10014 7832 8743 
227872 112839 13515 4585 31642 18601 48620 10429 
135138 28052 1175 6459 1775 6817 12983 3549 
584649 67513 14353 6086 27336 33483 53250 8226 
773395 132994 18431 7183 9895 18367 11181 7699 
117661 135620 10296 4227 2292 8799 7900 6999 
117249 18747 1202 2710 5487 14115 14092 6422 
1305021 436280 10935 40328 24567 55100 30685 8821 
1370764 226936 8277 57644 21313 54540 51167 24084 
883460 104627 9252 8579 9620 12509 7086 7284 
167186 21527 3986 2087 9235 11895 3887 4028 
373371 143125 27629 6253 9606 30356 60153 27569 
98487 24458 19712 13174 16147 23111 41472 17360 
28779 6630 4788 17507 21777 27757 21461 15605 
313145 101402 40254 30255 51500 31382 45581 11326 
98792 119202 11786 6086 2311 10136 3591 4059 
2127211 133526 19796 40825 9087 100388 40107 6542 
339840 56362 25842 19300 9103 36951 34303 10817 
103203 7965 852 1230 7833 16223 2727 1780 
329738 113457 16230 16522 9083 59446 33512 13288 
16451 3437 2340 4496 14197 43784 40782 19986 
499736 170242 6064 7375 4114 8874 6875 6186 
1406594 116129 24139 1707 27567 46085 31488 11615 
281486 146878 2270 3565 5948 15736 4414 3517 
182271 77085 12934 12002 30381 60581 24540 21155 
10156 10014 4807 657 14883 31198 15760 19115 
320861 81449 113533 10161 29521 34979 10033 9773 
333616 205755 2140 3025 7791 6147 9254 2360 
14734 13048 10628 10174 32831 20394 11059 11672 
466499 242924 12662 12201 6658 16772 32557 13618 
100650 31136 16089 12126 28078 46116 11655 18385 
39299 14921 972 5111 15826 15497 20235 7758 
1373 2663 5556 7411 42784 58127 44679 15132 
96827 97161 28637 11418 7947 49021 36908 19555 
6465 13953 1693 3246 23689 25646 28328 24892 
9194 13518 1884 6652 11054 45819 37416 15225 
901172 87766 10499 17133 16062 51263 20218 7491 
1072768 77046 14461 4665 14663 36458 29389 9732 
124821 48924 8887 14496 4794 25984 10072 7805 
1629057 113378 17441 5881 9229 15225 6934 5615 
255994 113544 5298 11478 5800 42799 48856 33430 
2370 3682 1947 8682 21074 22426 31722 12357 
1663483 118112 33337 34998 15162 44716 40860 8986 
14480 37547 2104 676 13391 43369 41152 14539 
342503 47438 18135 7730 30767 21686 19132 8888 
12954 6744 583 1769 36667 54714 20758 21127 
4684 3280 1439 6309 6258 26420 37605 12924 
17567 12715 5517 4912 15659 54117 32066 7192 
22323 9522 2419 3123 24723 20737 6941 13597 
12497 2059 2535 5852 10866 47781 11863 9757 
120234 20070 3629 9374 5354 41112 25011 9453 
4783 1958 100 12802 13998 28811 32516 20595 
10341 4027 4731 5084 11695 44264 26241 32122 
162037 34180 14856 11694 22650 28714 31903 14245 
18316 37427 4540 3657 9202 51446 18705 12046 
17900 5580 4612 4486 5892 25628 30983 18519 
6854 7868 11073 2633 13246 20680 15076 12646 
6654 18255 8584 4551 5394 24745 42942 6766 
4919 8374 7668 12112 9695 73696 23992 7753 
1141199 109363 11959 8954 18173 7321 9246 6761 
70172 37690 19188 7148 7652 6831 3882 3423 
296799 74600 9991 5766 13978 46843 23823 14311 
5336 5943 6341 8186 15639 50338 25817 10091 
9053 8495 2265 21790 12820 44133 17615 4146 
258728 97882 8183 14695 4501 9969 16776 2888 
584665 269050 21351 50721 71209 41113 26939 9744 
85701 21817 2185 2553 3077 33192 8904 2390 
136160 21048 5361 1206 5349 10577 2642 723 
98388 9585 2752 2051 4981 5163 10391 13013 
2080196 155270 43801 25833 26914 23650 32332 13231 
252206 41619 13720 4701 7621 30238 36443 12321 
949210 26887 8334 3554 2776 9065 11676 1050 
656995 76121 3514 4701 3021 12562 9024 2435 
11343 15663 13086 13761 13329 12212 18645 6309 
6970 4449 4281 1109 15832 56882 19001 14194 
402075 251819 175 15739 11361 44700 30640 19425 
106336 17494 4072 2814 4253 8303 7134 1261 
726915 69154 5017 1796 4733 13860 13330 6830 
22739 5554 6781 1976 7500 31321 33113 13210 
491840 40452 25215 12177 9123 21534 23102 15969 
3835 4194 2588 1845 11582 32294 26913 23753 
1632482 48307 52673 3067 12471 88298 32847 17508 
374039 41938 5124 4285 14522 35391 24083 11618 
24790 17226 1512 7641 8080 34793 16050 5055 
358018 50144 739 1071 1758 10645 9290 4392 
426905 92370 17772 14973 13852 38968 24648 36201 
14370 10332 1694 6308 6408 44887 9116 10499 
1941 14836 9577 7807 13182 27233 15577 3939 
5076 3811 12652 5053 23198 29608 9533 6129 
154231 41464 1734 1835 3320 6102 5193 3705 
811802 167880 7867 6281 47778 41542 11517 13661 
18424 3035 4594 2394 11041 23769 12384 6449 
73800 13757 691 1702 3717 7404 6217 2466 
7646 5880 8419 9459 4177 41657 23258 8577 
415586 219553 29561 8582 18539 47383 35164 10214 
14547 16830 3453 6008 36700 21537 18608 11150 
9161 7347 789 6289 8760 39658 22859 2490 
2450 18099 6329 14249 6603 28648 43340 12922 
345703 30644 14062 2434 8308 38443 13429 6119 
9258 3915 4975 1447 14257 35242 13078 10730 
405916 33864 2162 4489 30811 45790 19813 12049 
167725 6998 1856 1921 13856 104535 16373 5219 
7067 5798 4044 4604 9966 49152 16578 6118 
10104 6792 2058 5551 9103 41346 9974 32977 
9478 4271 4244 1367 15396 22336 13025 7260 
20385 8530 1648 6939 5173 18969 23902 7115 
128153 18007 4852 1718 2928 8912 3291 3657 
136 5896 1075 4388 26722 39257 13550 11451 
1464 5068 5318 4420 22786 44298 25305 9336 
8177 2786 2040 10776 4093 45493 15501 19201 
3782 5840 7912 420 3486 25347 7951 2751 
7430 4089 5748 1637 4180 31542 16888 14121 
7419 8374 5899 7325 22057 36294 16906 25686 
5056 9275 2617 9916 9864 18206 17108 15673 
9137 4955 2872 3060 6049 24460 12150 10893 
3212 3057 6821 4931 14702 13576 16020 23179 
91539 90260 51776 19767 4216 33923 18060 6117 
14176 20576 4810 4980 16723 20534 22444 11940 
18928 3896 1934 3978 5655 27805 41746 9197 
16569 4865 4623 1617 10587 20078 11118 8898 
8055 5433 1838 3547 6058 26615 19203 6934 
1326 3383 1649 2644 14283 22492 13320 3842 
4464 4087 8476 1412 10367 53099 14215 8323 
33843 34247 5896 25185 24442 43219 15153 7454 
26587 18610 26246 10897 12886 29295 24614 5003 
3520 2859 1658 2640 4304 8157 9876 14099 
4260 5092 1068 1601 17725 25942 15314 7384 
5675 6186 1984 4674 18058 10337 12017 4126 
29701 13375 1972 1982 3864 17534 22478 13767 
8076 7546 2115 3963 6086 22655 6135 8973 
5554 2503 2487 6326 18211 13205 13649 23268 
6673 8061 3425 7997 3229 11482 9695 12978 
6435 14091 1467 2318 8561 27209 21442 2302 
451720 295564 15923 27367 31165 25450 34568 21536 
309524 98315 2550 29262 17340 71447 24336 21865 
516119 114868 56445 34000 9548 48542 27825 12861 
108690 18429 1855 856 4802 11556 8704 3178 
1163437 32916 20702 28023 19140 21104 22757 21077 
384887 19959 9670 18562 4084 9162 19272 4674 
3959 6788 1846 2988 19136 29253 37833 27324 
2516857 189384 121479 31459 16830 47197 36272 26144 
199927 233156 2401 7372 5114 18861 5208 5587 
128432 49361 4012 8981 7528 11530 8119 2114 
1727978 39663 13147 19921 3810 16840 10016 7189 
182604 136123 1381 3994 5153 9394 5206 4136 
755106 116031 36485 21388 12472 49092 27915 7249 
1753377 85099 11438 8468 27629 63030 17470 23077 
633392 32093 20690 13878 27081 34780 44529 20819 
210114 200834 5794 6486 25660 35144 30518 15349 
630390 47450 12378 24640 8670 66390 24454 9527 
489145 14164 1520 3247 6540 16606 3294 4274 
82645 64937 3090 1566 19135 22100 25457 17469 
455461 249324 59669 20287 9353 56765 9444 8311 
62812 7620 1805 4617 1581 23742 6755 2513 
591388 70723 73462 9385 3152 15408 26669 3946 
282109 40711 25861 15275 23634 55140 40118 18488 
89814 50874 41858 17676 3072 25400 54632 8299 
803363 209135 23382 11335 6162 47881 35532 17936 
2126213 538074 29147 45407 73133 34187 33979 18939 
196460 14475 3541 2489 18679 9965 9565 2992 
2650137 142479 19735 115171 32856 46075 22687 16065 
2050830 129181 32005 35454 19023 13018 13669 7935 
358433 30469 24553 5762 4529 10628 15270 6796 
2162551 254520 56898 144866 85861 118442 22074 20941 
2076258 200794 18145 41024 9060 47117 41225 14954 
686226 184684 27633 23699 51976 56685 24340 34373 
33760 9015 6104 6399 19978 46895 31544 25854 
184165 85429 4420 4267 4151 18467 10341 2600 
478491 141454 4747 5138 15649 30683 27491 21910 
86189 10326 7104 1428 2736 11592 4919 2982 
16240 10683 1596 8381 14063 50711 24822 19801 
176418 19289 26553 8364 10025 49151 22945 7094 
96301 49165 4817 2279 6043 9073 10188 4226 
4693 2488 2988 6737 21773 32845 31819 14470 
1247725 97898 15663 27570 34061 34318 12010 16560 
104664 16075 1466 2814 3344 4925 7324 656 
789130 189370 18790 8229 4784 29041 11212 5160 
723839 57636 6771 20896 14383 44067 27816 11255 
16323 3861 4882 16488 9242 55063 10913 11282 
149256 73798 1740 8115 2724 16743 4609 5432 
343050 46549 7513 3905 1210 10797 2729 5700 
56341 84289 45420 11406 17459 26627 12888 12206 
713641 57513 9901 7806 15626 22475 23390 17778 
7439 3993 2127 10959 9806 20210 16235 5218 
14104 4808 5217 4573 8636 30392 25571 11542 
145897 46399 1640 9259 11088 23134 24585 30149 
405804 77319 32932 35781 23084 41993 27029 8170 
71855 23595 9232 4675 12971 47913 10522 9746 
508581 36900 2030 12357 19825 44681 38641 10623 
295926 79823 7652 925 17221 36663 20810 13105 
3883 2796 3136 2532 17190 25097 18035 15422 
275888 91691 60704 23964 12018 42277 12697 14654 
437017 75190 5340 3229 12875 29585 8529 6226 
11132 6369 2012 3342 8294 15660 11969 5012 
252714 21510 9339 10036 16092 47756 27712 8779 
5054 4590 3067 4186 16934 41521 17356 10251 
3622 7058 1895 14958 40290 31202 31595 6379 
107759 10258 4356 1717 8498 10224 6872 4454 
104206 45054 8747 3254 1046 10077 4010 3066 
256597 71910 10781 3740 11567 49699 9608 11685 
67564 7367 1337 768 2957 7330 8033 7655 
198033 147275 12422 23590 9832 70158 27530 14789 
12112 8592 7829 6286 7861 19044 21802 14197 
166203 25897 6245 11796 38410 20800 12539 11191 
6054 9769 1689 9052 13235 19715 29406 8763 
679729 107760 23697 3847 39604 32051 17788 4051 
38252 51171 24189 10927 9898 23921 17282 7370 
12945 8307 3588 15183 5487 65390 11597 14843 
121552 222117 112640 7225 10433 58052 29379 14470 
719863 24880 5952 9521 11123 16210 38612 7259 
62434 6378 2725 12249 45300 35667 22224 5642 
268742 104858 1541 8641 3626 9556 12037 2943 
490486 55930 5814 4670 13427 22696 37365 7779 
416867 8524 1869 999 1179 6954 8595 7203 
5765 12063 3790 10276 7450 31183 24964 11268 
212347 191484 9121 51347 52108 63376 17773 9102 
68339 4192 2943 3407 1789 11743 4842 3758 
29457 6401 2679 4553 19749 26945 10588 22899 
126086 25389 6534 5402 20440 39683 31199 21192 
15202 15214 6380 6712 18065 57107 39311 17289 
6085 10396 1541 3386 16447 40316 18242 18073 
97031 140067 35635 35800 17199 32780 20293 16334 
11082 3488 1404 8118 13298 63015 13463 14886 
15749 11759 10116 7048 13860 54461 47958 19195 
160862 153457 50419 20783 20330 33711 36478 11394 
47886 20164 6676 13056 14711 18982 19205 10679 
111457 18618 4146 3449 5699 6454 6010 5049 
6623 3834 14071 792 16452 21197 19028 7023 
125388 16670 2551 3801 4565 8112 5575 2818 
450569 80021 4517 3594 25587 44901 13258 12337 
14696 17813 6438 6903 11223 18576 34009 8057 
10862 1557 15008 3862 5328 32757 12556 7769 
320179 18179 3893 1374 2034 5894 7445 5529 
39103 6372 3455 12206 16266 28343 23008 7046 
1570945 188225 36917 21305 16650 39692 10095 9937 
767281 74116 6706 16030 11897 46799 37198 10754 
617651 91176 44050 7643 5078 80295 64684 15792 
32555 20039 6286 2324 19066 25821 29842 9301 
96254 87936 19049 24031 29592 43042 19598 12105 
109724 57159 24552 18000 10680 29144 12405 8966 
67480 9014 1565 3536 5203 16374 2916 2196 
88450 84815 12326 6741 3645 9044 5653 4724 
1374168 888867 42788 31614 28355 35142 39681 44578 
583832 23644 14224 1244 8226 3851 725 2229 
568257 80413 17565 11364 4860 3626 4052 2511 
83629 44814 4076 2811 460 1459 1652 1615 
1245568 350465 11906 43447 6000 21129 18524 6340 
711451 495997 115503 47850 38153 36024 35742 38502 
584728 48419 1290 1599 1913 3030 4851 1777 
397609 42023 22081 3794 2425 3469 2426 1100 
2043753 240996 79440 50632 84564 62126 36571 12756 
443895 53318 9351 3416 2777 3485 3788 3245 
381396 44098 8379 3478 1249 2041 4655 2174 
405751 41261 8485 7790 2412 5612 6805 8848 
584217 35493 4203 10183 9290 5901 11756 2965 
1518869 302669 14054 14454 40765 53420 39177 27163 
1065041 154135 10415 11455 28854 46683 53412 21909 
224217 80695 13425 6953 4789 12109 18001 9174 
1925692 200262 55614 25634 7707 12069 11392 3432 
152757 63231 53027 16839 20881 17685 40024 17721 
548784 74859 3119 9132 3575 7014 6108 11337 
328093 26560 6206 4682 5132 6451 12854 1599 
761274 27783 7724 4445 4425 10257 8142 3436 
131513 75303 35926 18257 23824 12693 22631 6492 
34258 46042 39795 30685 12196 26029 9729 20615 
17245 36875 6124 5161 17268 34267 22915 16141 
103623 24764 2727 1329 10411 10409 10041 4807 
168750 54428 16036 5014 27135 31495 14860 5942 
343698 35388 14509 19302 31577 46767 31849 3564 
390013 33101 2499 1377 30725 53612 31926 29695 
2012538 189439 37763 10766 23662 73149 51064 15309 
212201 13890 11026 1605 2455 1458 3573 795 
1341245 82370 5651 20942 8825 11483 13747 4957 
1164152 187637 35665 16802 18737 33729 13954 12588 
172347 38800 9053 6680 4592 7822 8194 3435 
1126907 188264 60121 16904 15618 47920 12541 18361 
227712 60550 3383 5524 2257 6331 4883 2460 
125690 37240 2750 17695 5371 2654 4937 1715 